100 9900
0 1 69
0 2 25
0 3 3
0 4 44
0 5 25
0 6 77
0 7 62
0 8 76
0 9 74
0 10 98
0 11 23
0 12 70
0 13 50
0 14 52
0 15 30
0 16 23
0 17 31
0 18 93
0 19 62
0 20 28
0 21 69
0 22 40
0 23 38
0 24 25
0 25 39
0 26 40
0 27 33
0 28 4
0 29 77
0 30 48
0 31 8
0 32 97
0 33 24
0 34 10
0 35 92
0 36 1
0 37 86
0 38 54
0 39 28
0 40 11
0 41 3
0 42 2
0 43 33
0 44 52
0 45 54
0 46 62
0 47 74
0 48 36
0 49 54
0 50 87
0 51 63
0 52 74
0 53 79
0 54 52
0 55 50
0 56 17
0 57 43
0 58 83
0 59 20
0 60 71
0 61 82
0 62 79
0 63 68
0 64 57
0 65 89
0 66 59
0 67 9
0 68 74
0 69 64
0 70 36
0 71 85
0 72 66
0 73 38
0 74 17
0 75 70
0 76 91
0 77 30
0 78 95
0 79 26
0 80 84
0 81 82
0 82 40
0 83 9
0 84 60
0 85 43
0 86 59
0 87 28
0 88 85
0 89 93
0 90 47
0 91 55
0 92 26
0 93 26
0 94 74
0 95 34
0 96 66
0 97 85
0 98 43
0 99 39
1 0 100
1 2 78
1 3 75
1 4 66
1 5 67
1 6 43
1 7 87
1 8 57
1 9 73
1 10 81
1 11 34
1 12 8
1 13 62
1 14 73
1 15 16
1 16 73
1 17 15
1 18 26
1 19 100
1 20 51
1 21 70
1 22 99
1 23 58
1 24 95
1 25 76
1 26 31
1 27 29
1 28 41
1 29 15
1 30 23
1 31 31
1 32 15
1 33 100
1 34 58
1 35 32
1 36 19
1 37 100
1 38 18
1 39 75
1 40 24
1 41 50
1 42 61
1 43 31
1 44 12
1 45 85
1 46 99
1 47 84
1 48 52
1 49 76
1 50 36
1 51 2
1 52 46
1 53 34
1 54 59
1 55 92
1 56 9
1 57 42
1 58 72
1 59 1
1 60 8
1 61 94
1 62 31
1 63 74
1 64 46
1 65 88
1 66 5
1 67 64
1 68 40
1 69 74
1 70 90
1 71 63
1 72 24
1 73 50
1 74 46
1 75 87
1 76 35
1 77 96
1 78 22
1 79 86
1 80 71
1 81 57
1 82 87
1 83 68
1 84 90
1 85 98
1 86 60
1 87 50
1 88 91
1 89 31
1 90 50
1 91 98
1 92 77
1 93 33
1 94 72
1 95 22
1 96 20
1 97 28
1 98 85
1 99 11
2 0 54
2 1 74
2 3 74
2 4 29
2 5 76
2 6 71
2 7 15
2 8 10
2 9 66
2 10 36
2 11 95
2 12 88
2 13 45
2 14 33
2 15 56
2 16 86
2 17 82
2 18 67
2 19 36
2 20 72
2 21 97
2 22 37
2 23 70
2 24 25
2 25 69
2 26 41
2 27 46
2 28 41
2 29 20
2 30 82
2 31 3
2 32 73
2 33 8
2 34 76
2 35 1
2 36 83
2 37 98
2 38 67
2 39 92
2 40 63
2 41 55
2 42 38
2 43 51
2 44 99
2 45 70
2 46 6
2 47 84
2 48 4
2 49 72
2 50 71
2 51 75
2 52 20
2 53 8
2 54 44
2 55 45
2 56 28
2 57 36
2 58 42
2 59 20
2 60 8
2 61 24
2 62 23
2 63 80
2 64 31
2 65 50
2 66 33
2 67 13
2 68 48
2 69 51
2 70 56
2 71 10
2 72 5
2 73 93
2 74 60
2 75 3
2 76 14
2 77 17
2 78 39
2 79 17
2 80 40
2 81 9
2 82 44
2 83 12
2 84 68
2 85 39
2 86 8
2 87 96
2 88 27
2 89 49
2 90 15
2 91 34
2 92 24
2 93 89
2 94 65
2 95 6
2 96 39
2 97 97
2 98 18
2 99 86
3 0 100
3 1 25
3 2 95
3 4 4
3 5 69
3 6 7
3 7 7
3 8 83
3 9 75
3 10 45
3 11 51
3 12 67
3 13 5
3 14 94
3 15 78
3 16 73
3 17 85
3 18 37
3 19 20
3 20 11
3 21 85
3 22 34
3 23 44
3 24 61
3 25 75
3 26 8
3 27 66
3 28 13
3 29 57
3 30 84
3 31 98
3 32 56
3 33 60
3 34 44
3 35 11
3 36 29
3 37 2
3 38 17
3 39 63
3 40 29
3 41 13
3 42 65
3 43 95
3 44 70
3 45 59
3 46 24
3 47 42
3 48 95
3 49 60
3 50 61
3 51 5
3 52 96
3 53 46
3 54 48
3 55 56
3 56 20
3 57 7
3 58 22
3 59 84
3 60 15
3 61 57
3 62 81
3 63 70
3 64 16
3 65 77
3 66 33
3 67 96
3 68 30
3 69 49
3 70 58
3 71 10
3 72 14
3 73 23
3 74 4
3 75 35
3 76 33
3 77 79
3 78 76
3 79 27
3 80 90
3 81 88
3 82 83
3 83 86
3 84 33
3 85 30
3 86 93
3 87 5
3 88 88
3 89 14
3 90 88
3 91 3
3 92 22
3 93 21
3 94 24
3 95 90
3 96 49
3 97 56
3 98 85
3 99 30
4 0 57
4 1 95
4 2 40
4 3 22
4 5 69
4 6 95
4 7 56
4 8 1
4 9 74
4 10 83
4 11 79
4 12 63
4 13 70
4 14 61
4 15 100
4 16 54
4 17 42
4 18 93
4 19 10
4 20 81
4 21 6
4 22 98
4 23 83
4 24 80
4 25 70
4 26 59
4 27 69
4 28 70
4 29 66
4 30 5
4 31 99
4 32 22
4 33 99
4 34 38
4 35 95
4 36 67
4 37 33
4 38 50
4 39 19
4 40 58
4 41 84
4 42 49
4 43 20
4 44 53
4 45 61
4 46 72
4 47 59
4 48 54
4 49 64
4 50 68
4 51 35
4 52 21
4 53 17
4 54 69
4 55 100
4 56 38
4 57 27
4 58 68
4 59 7
4 60 45
4 61 73
4 62 6
4 63 18
4 64 23
4 65 95
4 66 13
4 67 90
4 68 79
4 69 14
4 70 60
4 71 36
4 72 98
4 73 9
4 74 8
4 75 50
4 76 69
4 77 79
4 78 60
4 79 23
4 80 42
4 81 28
4 82 9
4 83 62
4 84 44
4 85 77
4 86 14
4 87 34
4 88 56
4 89 81
4 90 40
4 91 100
4 92 5
4 93 97
4 94 17
4 95 28
4 96 92
4 97 81
4 98 69
4 99 70
5 0 95
5 1 80
5 2 58
5 3 92
5 4 88
5 6 65
5 7 93
5 8 9
5 9 43
5 10 53
5 11 83
5 12 36
5 13 32
5 14 91
5 15 49
5 16 27
5 17 19
5 18 62
5 19 60
5 20 26
5 21 95
5 22 100
5 23 25
5 24 99
5 25 48
5 26 94
5 27 78
5 28 39
5 29 26
5 30 98
5 31 61
5 32 20
5 33 78
5 34 18
5 35 63
5 36 17
5 37 82
5 38 8
5 39 25
5 40 76
5 41 12
5 42 59
5 43 63
5 44 43
5 45 1
5 46 11
5 47 21
5 48 20
5 49 73
5 50 81
5 51 45
5 52 19
5 53 32
5 54 22
5 55 17
5 56 79
5 57 67
5 58 47
5 59 70
5 60 92
5 61 96
5 62 30
5 63 64
5 64 73
5 65 99
5 66 26
5 67 90
5 68 32
5 69 85
5 70 66
5 71 59
5 72 96
5 73 77
5 74 21
5 75 90
5 76 77
5 77 31
5 78 11
5 79 96
5 80 55
5 81 43
5 82 93
5 83 73
5 84 74
5 85 66
5 86 42
5 87 4
5 88 32
5 89 88
5 90 25
5 91 23
5 92 35
5 93 54
5 94 86
5 95 8
5 96 4
5 97 64
5 98 49
5 99 35
6 0 48
6 1 66
6 2 93
6 3 96
6 4 42
6 5 13
6 7 85
6 8 71
6 9 96
6 10 95
6 11 66
6 12 50
6 13 37
6 14 10
6 15 23
6 16 62
6 17 75
6 18 16
6 19 18
6 20 6
6 21 55
6 22 42
6 23 81
6 24 89
6 25 48
6 26 18
6 27 48
6 28 51
6 29 81
6 30 96
6 31 86
6 32 81
6 33 14
6 34 30
6 35 76
6 36 7
6 37 43
6 38 60
6 39 77
6 40 90
6 41 7
6 42 95
6 43 39
6 44 95
6 45 4
6 46 13
6 47 9
6 48 31
6 49 28
6 50 26
6 51 88
6 52 82
6 53 19
6 54 68
6 55 71
6 56 66
6 57 86
6 58 18
6 59 17
6 60 18
6 61 66
6 62 54
6 63 98
6 64 31
6 65 83
6 66 73
6 67 89
6 68 77
6 69 85
6 70 66
6 71 66
6 72 91
6 73 60
6 74 57
6 75 85
6 76 15
6 77 69
6 78 45
6 79 45
6 80 49
6 81 70
6 82 33
6 83 30
6 84 89
6 85 52
6 86 52
6 87 54
6 88 89
6 89 22
6 90 22
6 91 7
6 92 39
6 93 27
6 94 4
6 95 21
6 96 10
6 97 29
6 98 9
6 99 38
7 0 13
7 1 74
7 2 4
7 3 55
7 4 85
7 5 60
7 6 91
7 8 100
7 9 80
7 10 36
7 11 96
7 12 28
7 13 57
7 14 80
7 15 10
7 16 45
7 17 84
7 18 61
7 19 51
7 20 72
7 21 34
7 22 24
7 23 78
7 24 72
7 25 51
7 26 34
7 27 92
7 28 12
7 29 62
7 30 53
7 31 49
7 32 26
7 33 26
7 34 4
7 35 32
7 36 63
7 37 15
7 38 22
7 39 14
7 40 95
7 41 9
7 42 61
7 43 22
7 44 66
7 45 41
7 46 83
7 47 62
7 48 24
7 49 44
7 50 64
7 51 47
7 52 77
7 53 88
7 54 25
7 55 1
7 56 90
7 57 58
7 58 44
7 59 1
7 60 71
7 61 96
7 62 1
7 63 48
7 64 74
7 65 5
7 66 79
7 67 36
7 68 19
7 69 52
7 70 1
7 71 65
7 72 61
7 73 61
7 74 39
7 75 26
7 76 1
7 77 21
7 78 39
7 79 76
7 80 16
7 81 3
7 82 23
7 83 45
7 84 90
7 85 99
7 86 45
7 87 79
7 88 56
7 89 40
7 90 31
7 91 78
7 92 88
7 93 31
7 94 25
7 95 13
7 96 87
7 97 3
7 98 100
7 99 58
8 0 54
8 1 100
8 2 22
8 3 66
8 4 60
8 5 60
8 6 43
8 7 13
8 9 33
8 10 82
8 11 40
8 12 48
8 13 84
8 14 14
8 15 92
8 16 25
8 17 12
8 18 88
8 19 55
8 20 19
8 21 28
8 22 37
8 23 96
8 24 15
8 25 19
8 26 20
8 27 79
8 28 6
8 29 74
8 30 78
8 31 63
8 32 80
8 33 77
8 34 36
8 35 45
8 36 36
8 37 96
8 38 40
8 39 48
8 40 80
8 41 73
8 42 40
8 43 27
8 44 8
8 45 53
8 46 19
8 47 32
8 48 65
8 49 6
8 50 38
8 51 35
8 52 85
8 53 74
8 54 31
8 55 51
8 56 44
8 57 2
8 58 29
8 59 49
8 60 28
8 61 6
8 62 63
8 63 7
8 64 82
8 65 99
8 66 3
8 67 70
8 68 94
8 69 94
8 70 69
8 71 25
8 72 66
8 73 8
8 74 51
8 75 73
8 76 61
8 77 69
8 78 56
8 79 77
8 80 27
8 81 93
8 82 11
8 83 11
8 84 18
8 85 93
8 86 14
8 87 62
8 88 95
8 89 42
8 90 62
8 91 22
8 92 48
8 93 25
8 94 80
8 95 81
8 96 23
8 97 34
8 98 2
8 99 68
9 0 28
9 1 71
9 2 92
9 3 93
9 4 30
9 5 42
9 6 18
9 7 42
9 8 63
9 10 73
9 11 18
9 12 41
9 13 66
9 14 81
9 15 51
9 16 35
9 17 73
9 18 16
9 19 96
9 20 19
9 21 58
9 22 10
9 23 92
9 24 57
9 25 34
9 26 71
9 27 89
9 28 56
9 29 57
9 30 91
9 31 23
9 32 36
9 33 61
9 34 66
9 35 28
9 36 42
9 37 7
9 38 97
9 39 84
9 40 21
9 41 70
9 42 53
9 43 61
9 44 35
9 45 33
9 46 64
9 47 21
9 48 58
9 49 79
9 50 69
9 51 76
9 52 36
9 53 78
9 54 68
9 55 44
9 56 11
9 57 90
9 58 33
9 59 66
9 60 46
9 61 23
9 62 40
9 63 33
9 64 35
9 65 5
9 66 13
9 67 76
9 68 63
9 69 9
9 70 59
9 71 84
9 72 78
9 73 12
9 74 44
9 75 12
9 76 96
9 77 59
9 78 33
9 79 53
9 80 38
9 81 1
9 82 29
9 83 73
9 84 30
9 85 48
9 86 17
9 87 40
9 88 89
9 89 1
9 90 57
9 91 87
9 92 23
9 93 96
9 94 19
9 95 57
9 96 52
9 97 31
9 98 84
9 99 14
10 0 40
10 1 43
10 2 97
10 3 17
10 4 6
10 5 93
10 6 81
10 7 53
10 8 51
10 9 13
10 11 6
10 12 88
10 13 65
10 14 86
10 15 13
10 16 94
10 17 85
10 18 81
10 19 85
10 20 73
10 21 81
10 22 41
10 23 59
10 24 55
10 25 88
10 26 78
10 27 11
10 28 39
10 29 8
10 30 94
10 31 52
10 32 47
10 33 88
10 34 1
10 35 16
10 36 45
10 37 45
10 38 96
10 39 98
10 40 95
10 41 60
10 42 55
10 43 35
10 44 76
10 45 92
10 46 99
10 47 69
10 48 28
10 49 31
10 50 5
10 51 100
10 52 63
10 53 45
10 54 11
10 55 17
10 56 32
10 57 88
10 58 79
10 59 70
10 60 47
10 61 72
10 62 73
10 63 46
10 64 12
10 65 25
10 66 61
10 67 8
10 68 69
10 69 56
10 70 5
10 71 16
10 72 15
10 73 11
10 74 50
10 75 90
10 76 54
10 77 100
10 78 10
10 79 81
10 80 30
10 81 66
10 82 81
10 83 92
10 84 10
10 85 91
10 86 8
10 87 93
10 88 30
10 89 86
10 90 14
10 91 28
10 92 9
10 93 86
10 94 73
10 95 72
10 96 63
10 97 85
10 98 80
10 99 31
11 0 40
11 1 36
11 2 46
11 3 6
11 4 47
11 5 47
11 6 47
11 7 100
11 8 46
11 9 8
11 10 33
11 12 75
11 13 73
11 14 13
11 15 66
11 16 34
11 17 55
11 18 25
11 19 26
11 20 36
11 21 62
11 22 39
11 23 63
11 24 71
11 25 77
11 26 88
11 27 94
11 28 39
11 29 72
11 30 73
11 31 21
11 32 64
11 33 9
11 34 67
11 35 69
11 36 7
11 37 13
11 38 68
11 39 58
11 40 59
11 41 75
11 42 90
11 43 85
11 44 100
11 45 54
11 46 3
11 47 33
11 48 60
11 49 27
11 50 59
11 51 95
11 52 89
11 53 49
11 54 10
11 55 11
11 56 77
11 57 97
11 58 4
11 59 15
11 60 68
11 61 29
11 62 88
11 63 31
11 64 37
11 65 54
11 66 52
11 67 43
11 68 18
11 69 19
11 70 52
11 71 28
11 72 45
11 73 42
11 74 13
11 75 44
11 76 47
11 77 15
11 78 77
11 79 7
11 80 93
11 81 87
11 82 53
11 83 81
11 84 35
11 85 62
11 86 43
11 87 12
11 88 58
11 89 99
11 90 78
11 91 78
11 92 27
11 93 17
11 94 60
11 95 63
11 96 70
11 97 11
11 98 57
11 99 40
12 0 29
12 1 8
12 2 67
12 3 26
12 4 1
12 5 31
12 6 69
12 7 48
12 8 45
12 9 45
12 10 6
12 11 38
12 13 83
12 14 58
12 15 70
12 16 18
12 17 20
12 18 65
12 19 81
12 20 29
12 21 63
12 22 10
12 23 58
12 24 89
12 25 27
12 26 18
12 27 3
12 28 48
12 29 28
12 30 59
12 31 87
12 32 9
12 33 18
12 34 6
12 35 34
12 36 19
12 37 36
12 38 54
12 39 18
12 40 33
12 41 51
12 42 23
12 43 70
12 44 33
12 45 32
12 46 91
12 47 2
12 48 3
12 49 55
12 50 82
12 51 32
12 52 17
12 53 44
12 54 89
12 55 57
12 56 22
12 57 6
12 58 59
12 59 69
12 60 86
12 61 17
12 62 8
12 63 94
12 64 87
12 65 65
12 66 79
12 67 57
12 68 100
12 69 32
12 70 74
12 71 32
12 72 82
12 73 48
12 74 53
12 75 15
12 76 79
12 77 44
12 78 68
12 79 82
12 80 50
12 81 2
12 82 65
12 83 19
12 84 45
12 85 5
12 86 75
12 87 66
12 88 63
12 89 34
12 90 86
12 91 48
12 92 2
12 93 45
12 94 93
12 95 40
12 96 9
12 97 71
12 98 96
12 99 61
13 0 54
13 1 21
13 2 92
13 3 36
13 4 68
13 5 45
13 6 2
13 7 99
13 8 40
13 9 69
13 10 32
13 11 41
13 12 70
13 14 48
13 15 11
13 16 66
13 17 52
13 18 86
13 19 83
13 20 14
13 21 71
13 22 21
13 23 13
13 24 24
13 25 65
13 26 5
13 27 64
13 28 26
13 29 75
13 30 11
13 31 86
13 32 29
13 33 32
13 34 77
13 35 16
13 36 51
13 37 73
13 38 17
13 39 1
13 40 64
13 41 37
13 42 84
13 43 57
13 44 59
13 45 31
13 46 67
13 47 24
13 48 35
13 49 52
13 50 59
13 51 48
13 52 74
13 53 79
13 54 61
13 55 50
13 56 43
13 57 17
13 58 13
13 59 68
13 60 92
13 61 23
13 62 53
13 63 72
13 64 6
13 65 82
13 66 87
13 67 57
13 68 6
13 69 55
13 70 9
13 71 70
13 72 43
13 73 93
13 74 26
13 75 1
13 76 23
13 77 44
13 78 77
13 79 57
13 80 96
13 81 87
13 82 57
13 83 21
13 84 65
13 85 69
13 86 70
13 87 59
13 88 85
13 89 34
13 90 27
13 91 28
13 92 9
13 93 31
13 94 99
13 95 14
13 96 64
13 97 37
13 98 22
13 99 70
14 0 91
14 1 31
14 2 91
14 3 86
14 4 75
14 5 68
14 6 38
14 7 97
14 8 11
14 9 66
14 10 6
14 11 58
14 12 52
14 13 14
14 15 79
14 16 16
14 17 34
14 18 100
14 19 75
14 20 18
14 21 86
14 22 53
14 23 98
14 24 94
14 25 35
14 26 96
14 27 59
14 28 99
14 29 33
14 30 33
14 31 20
14 32 75
14 33 15
14 34 10
14 35 12
14 36 89
14 37 29
14 38 50
14 39 37
14 40 39
14 41 15
14 42 42
14 43 49
14 44 67
14 45 7
14 46 79
14 47 82
14 48 40
14 49 78
14 50 8
14 51 10
14 52 63
14 53 60
14 54 7
14 55 8
14 56 95
14 57 2
14 58 19
14 59 45
14 60 86
14 61 51
14 62 64
14 63 13
14 64 65
14 65 25
14 66 76
14 67 53
14 68 5
14 69 25
14 70 89
14 71 43
14 72 92
14 73 83
14 74 43
14 75 58
14 76 41
14 77 21
14 78 91
14 79 81
14 80 51
14 81 51
14 82 90
14 83 13
14 84 10
14 85 96
14 86 73
14 87 56
14 88 49
14 89 91
14 90 52
14 91 87
14 92 93
14 93 67
14 94 51
14 95 57
14 96 43
14 97 26
14 98 61
14 99 47
15 0 3
15 1 1
15 2 42
15 3 94
15 4 35
15 5 84
15 6 3
15 7 76
15 8 5
15 9 45
15 10 8
15 11 55
15 12 95
15 13 97
15 14 19
15 16 57
15 17 44
15 18 91
15 19 12
15 20 44
15 21 33
15 22 16
15 23 82
15 24 25
15 25 82
15 26 32
15 27 33
15 28 25
15 29 10
15 30 45
15 31 71
15 32 12
15 33 46
15 34 12
15 35 57
15 36 32
15 37 96
15 38 59
15 39 7
15 40 52
15 41 3
15 42 14
15 43 6
15 44 98
15 45 62
15 46 24
15 47 54
15 48 57
15 49 67
15 50 17
15 51 1
15 52 51
15 53 32
15 54 82
15 55 28
15 56 66
15 57 66
15 58 60
15 59 42
15 60 27
15 61 5
15 62 12
15 63 90
15 64 2
15 65 76
15 66 46
15 67 33
15 68 23
15 69 56
15 70 92
15 71 74
15 72 58
15 73 5
15 74 31
15 75 7
15 76 19
15 77 6
15 78 12
15 79 75
15 80 72
15 81 81
15 82 75
15 83 75
15 84 64
15 85 9
15 86 2
15 87 29
15 88 26
15 89 13
15 90 70
15 91 4
15 92 69
15 93 34
15 94 93
15 95 70
15 96 61
15 97 38
15 98 55
15 99 35
16 0 93
16 1 46
16 2 60
16 3 2
16 4 2
16 5 90
16 6 9
16 7 72
16 8 95
16 9 72
16 10 47
16 11 19
16 12 52
16 13 73
16 14 93
16 15 16
16 17 33
16 18 46
16 19 96
16 20 10
16 21 58
16 22 66
16 23 13
16 24 79
16 25 51
16 26 5
16 27 100
16 28 63
16 29 94
16 30 54
16 31 97
16 32 38
16 33 51
16 34 56
16 35 40
16 36 5
16 37 45
16 38 100
16 39 76
16 40 91
16 41 23
16 42 22
16 43 9
16 44 75
16 45 47
16 46 53
16 47 42
16 48 79
16 49 50
16 50 37
16 51 89
16 52 60
16 53 54
16 54 1
16 55 38
16 56 4
16 57 58
16 58 37
16 59 66
16 60 51
16 61 43
16 62 62
16 63 89
16 64 93
16 65 69
16 66 80
16 67 49
16 68 13
16 69 31
16 70 25
16 71 4
16 72 53
16 73 98
16 74 64
16 75 79
16 76 96
16 77 69
16 78 20
16 79 75
16 80 70
16 81 57
16 82 15
16 83 29
16 84 10
16 85 15
16 86 66
16 87 66
16 88 24
16 89 3
16 90 83
16 91 75
16 92 45
16 93 45
16 94 15
16 95 89
16 96 13
16 97 46
16 98 38
16 99 78
17 0 76
17 1 14
17 2 33
17 3 80
17 4 63
17 5 48
17 6 59
17 7 59
17 8 16
17 9 78
17 10 85
17 11 86
17 12 86
17 13 99
17 14 66
17 15 96
17 16 65
17 18 32
17 19 13
17 20 89
17 21 86
17 22 95
17 23 63
17 24 82
17 25 91
17 26 29
17 27 22
17 28 56
17 29 26
17 30 11
17 31 33
17 32 53
17 33 76
17 34 65
17 35 32
17 36 39
17 37 64
17 38 90
17 39 49
17 40 80
17 41 20
17 42 33
17 43 17
17 44 5
17 45 31
17 46 82
17 47 52
17 48 95
17 49 65
17 50 64
17 51 83
17 52 2
17 53 59
17 54 97
17 55 35
17 56 49
17 57 77
17 58 57
17 59 4
17 60 2
17 61 19
17 62 88
17 63 54
17 64 95
17 65 4
17 66 38
17 67 85
17 68 68
17 69 79
17 70 33
17 71 99
17 72 98
17 73 65
17 74 67
17 75 55
17 76 47
17 77 100
17 78 6
17 79 93
17 80 65
17 81 22
17 82 28
17 83 18
17 84 32
17 85 76
17 86 53
17 87 80
17 88 53
17 89 61
17 90 36
17 91 6
17 92 79
17 93 75
17 94 12
17 95 73
17 96 79
17 97 49
17 98 57
17 99 46
18 0 27
18 1 89
18 2 96
18 3 77
18 4 5
18 5 62
18 6 31
18 7 3
18 8 61
18 9 88
18 10 48
18 11 77
18 12 9
18 13 75
18 14 95
18 15 40
18 16 50
18 17 99
18 19 72
18 20 54
18 21 59
18 22 59
18 23 12
18 24 37
18 25 33
18 26 23
18 27 62
18 28 11
18 29 71
18 30 18
18 31 8
18 32 97
18 33 59
18 34 55
18 35 25
18 36 15
18 37 16
18 38 55
18 39 18
18 40 29
18 41 43
18 42 65
18 43 57
18 44 3
18 45 91
18 46 51
18 47 95
18 48 92
18 49 1
18 50 18
18 51 98
18 52 11
18 53 76
18 54 9
18 55 48
18 56 8
18 57 31
18 58 61
18 59 71
18 60 53
18 61 78
18 62 30
18 63 1
18 64 88
18 65 85
18 66 26
18 67 3
18 68 52
18 69 32
18 70 72
18 71 80
18 72 74
18 73 88
18 74 37
18 75 29
18 76 30
18 77 39
18 78 23
18 79 21
18 80 92
18 81 40
18 82 18
18 83 2
18 84 67
18 85 78
18 86 1
18 87 26
18 88 60
18 89 61
18 90 96
18 91 12
18 92 91
18 93 78
18 94 65
18 95 78
18 96 62
18 97 90
18 98 32
18 99 65
19 0 21
19 1 55
19 2 97
19 3 47
19 4 42
19 5 85
19 6 27
19 7 71
19 8 75
19 9 1
19 10 44
19 11 66
19 12 40
19 13 13
19 14 68
19 15 58
19 16 91
19 17 68
19 18 83
19 20 2
19 21 81
19 22 31
19 23 14
19 24 71
19 25 8
19 26 30
19 27 100
19 28 21
19 29 19
19 30 32
19 31 85
19 32 91
19 33 86
19 34 33
19 35 89
19 36 80
19 37 17
19 38 15
19 39 2
19 40 92
19 41 15
19 42 97
19 43 57
19 44 6
19 45 10
19 46 76
19 47 63
19 48 52
19 49 96
19 50 98
19 51 53
19 52 76
19 53 28
19 54 18
19 55 98
19 56 87
19 57 99
19 58 97
19 59 7
19 60 69
19 61 28
19 62 43
19 63 60
19 64 66
19 65 76
19 66 100
19 67 97
19 68 44
19 69 15
19 70 98
19 71 87
19 72 81
19 73 95
19 74 96
19 75 87
19 76 56
19 77 71
19 78 1
19 79 7
19 80 18
19 81 98
19 82 11
19 83 93
19 84 77
19 85 81
19 86 90
19 87 63
19 88 79
19 89 39
19 90 21
19 91 48
19 92 66
19 93 64
19 94 59
19 95 83
19 96 91
19 97 58
19 98 79
19 99 34
20 0 24
20 1 29
20 2 73
20 3 5
20 4 23
20 5 68
20 6 91
20 7 30
20 8 38
20 9 91
20 10 36
20 11 56
20 12 41
20 13 98
20 14 100
20 15 17
20 16 30
20 17 42
20 18 32
20 19 9
20 21 80
20 22 52
20 23 8
20 24 97
20 25 15
20 26 66
20 27 80
20 28 57
20 29 75
20 30 10
20 31 43
20 32 99
20 33 38
20 34 15
20 35 3
20 36 12
20 37 82
20 38 45
20 39 41
20 40 71
20 41 87
20 42 28
20 43 26
20 44 27
20 45 78
20 46 78
20 47 96
20 48 7
20 49 19
20 50 27
20 51 15
20 52 98
20 53 78
20 54 74
20 55 94
20 56 45
20 57 91
20 58 25
20 59 1
20 60 66
20 61 87
20 62 95
20 63 64
20 64 24
20 65 9
20 66 18
20 67 88
20 68 90
20 69 62
20 70 28
20 71 61
20 72 48
20 73 8
20 74 38
20 75 27
20 76 85
20 77 15
20 78 22
20 79 91
20 80 85
20 81 100
20 82 58
20 83 82
20 84 77
20 85 31
20 86 28
20 87 73
20 88 74
20 89 4
20 90 26
20 91 39
20 92 90
20 93 20
20 94 54
20 95 14
20 96 29
20 97 23
20 98 53
20 99 18
21 0 84
21 1 32
21 2 30
21 3 83
21 4 39
21 5 20
21 6 9
21 7 75
21 8 34
21 9 82
21 10 66
21 11 19
21 12 81
21 13 75
21 14 52
21 15 10
21 16 57
21 17 31
21 18 82
21 19 30
21 20 35
21 22 7
21 23 68
21 24 24
21 25 27
21 26 73
21 27 89
21 28 7
21 29 95
21 30 41
21 31 76
21 32 30
21 33 73
21 34 6
21 35 13
21 36 63
21 37 25
21 38 73
21 39 38
21 40 10
21 41 55
21 42 55
21 43 80
21 44 87
21 45 29
21 46 84
21 47 96
21 48 37
21 49 14
21 50 30
21 51 67
21 52 100
21 53 88
21 54 86
21 55 24
21 56 66
21 57 11
21 58 64
21 59 72
21 60 5
21 61 57
21 62 48
21 63 35
21 64 29
21 65 5
21 66 99
21 67 43
21 68 29
21 69 71
21 70 32
21 71 90
21 72 77
21 73 86
21 74 70
21 75 64
21 76 66
21 77 53
21 78 11
21 79 3
21 80 18
21 81 92
21 82 21
21 83 18
21 84 80
21 85 6
21 86 93
21 87 45
21 88 16
21 89 56
21 90 17
21 91 73
21 92 12
21 93 16
21 94 59
21 95 92
21 96 20
21 97 57
21 98 35
21 99 48
22 0 79
22 1 18
22 2 89
22 3 56
22 4 4
22 5 58
22 6 71
22 7 21
22 8 62
22 9 81
22 10 23
22 11 32
22 12 25
22 13 95
22 14 49
22 15 4
22 16 1
22 17 41
22 18 48
22 19 68
22 20 48
22 21 16
22 23 40
22 24 60
22 25 31
22 26 98
22 27 3
22 28 50
22 29 6
22 30 37
22 31 49
22 32 85
22 33 7
22 34 38
22 35 40
22 36 10
22 37 47
22 38 62
22 39 82
22 40 61
22 41 94
22 42 57
22 43 92
22 44 18
22 45 51
22 46 92
22 47 21
22 48 51
22 49 32
22 50 21
22 51 19
22 52 31
22 53 88
22 54 10
22 55 90
22 56 19
22 57 8
22 58 93
22 59 20
22 60 13
22 61 81
22 62 69
22 63 97
22 64 87
22 65 58
22 66 88
22 67 48
22 68 4
22 69 1
22 70 30
22 71 64
22 72 95
22 73 86
22 74 55
22 75 12
22 76 36
22 77 46
22 78 85
22 79 39
22 80 29
22 81 57
22 82 9
22 83 12
22 84 44
22 85 18
22 86 53
22 87 62
22 88 77
22 89 45
22 90 34
22 91 42
22 92 78
22 93 2
22 94 90
22 95 16
22 96 59
22 97 30
22 98 16
22 99 14
23 0 30
23 1 97
23 2 78
23 3 76
23 4 82
23 5 84
23 6 40
23 7 69
23 8 82
23 9 24
23 10 59
23 11 62
23 12 80
23 13 67
23 14 73
23 15 75
23 16 37
23 17 26
23 18 37
23 19 13
23 20 22
23 21 22
23 22 54
23 24 51
23 25 23
23 26 96
23 27 19
23 28 33
23 29 25
23 30 34
23 31 46
23 32 54
23 33 30
23 34 75
23 35 30
23 36 63
23 37 11
23 38 69
23 39 83
23 40 44
23 41 44
23 42 42
23 43 5
23 44 75
23 45 60
23 46 30
23 47 49
23 48 96
23 49 7
23 50 37
23 51 61
23 52 80
23 53 58
23 54 66
23 55 83
23 56 80
23 57 61
23 58 1
23 59 64
23 60 85
23 61 34
23 62 62
23 63 39
23 64 15
23 65 88
23 66 20
23 67 77
23 68 98
23 69 88
23 70 59
23 71 41
23 72 83
23 73 52
23 74 98
23 75 57
23 76 12
23 77 79
23 78 5
23 79 59
23 80 85
23 81 42
23 82 71
23 83 16
23 84 99
23 85 37
23 86 98
23 87 31
23 88 49
23 89 98
23 90 94
23 91 34
23 92 83
23 93 7
23 94 24
23 95 97
23 96 95
23 97 43
23 98 25
23 99 44
24 0 82
24 1 36
24 2 37
24 3 16
24 4 39
24 5 34
24 6 72
24 7 50
24 8 64
24 9 76
24 10 61
24 11 100
24 12 17
24 13 31
24 14 15
24 15 68
24 16 19
24 17 65
24 18 98
24 19 68
24 20 62
24 21 43
24 22 53
24 23 97
24 25 50
24 26 76
24 27 45
24 28 96
24 29 70
24 30 70
24 31 39
24 32 3
24 33 57
24 34 75
24 35 18
24 36 95
24 37 60
24 38 89
24 39 97
24 40 23
24 41 16
24 42 9
24 43 22
24 44 85
24 45 39
24 46 89
24 47 52
24 48 10
24 49 53
24 50 1
24 51 77
24 52 66
24 53 95
24 54 29
24 55 62
24 56 96
24 57 56
24 58 59
24 59 91
24 60 77
24 61 80
24 62 82
24 63 79
24 64 36
24 65 56
24 66 48
24 67 82
24 68 68
24 69 36
24 70 78
24 71 90
24 72 3
24 73 86
24 74 64
24 75 87
24 76 77
24 77 4
24 78 38
24 79 38
24 80 56
24 81 90
24 82 14
24 83 73
24 84 85
24 85 94
24 86 87
24 87 32
24 88 1
24 89 45
24 90 23
24 91 77
24 92 24
24 93 56
24 94 7
24 95 11
24 96 63
24 97 54
24 98 92
24 99 30
25 0 89
25 1 22
25 2 72
25 3 43
25 4 59
25 5 87
25 6 30
25 7 87
25 8 90
25 9 19
25 10 24
25 11 97
25 12 9
25 13 89
25 14 69
25 15 45
25 16 34
25 17 7
25 18 76
25 19 34
25 20 51
25 21 50
25 22 62
25 23 26
25 24 5
25 26 68
25 27 88
25 28 20
25 29 21
25 30 32
25 31 49
25 32 61
25 33 53
25 34 72
25 35 4
25 36 63
25 37 58
25 38 33
25 39 50
25 40 99
25 41 51
25 42 73
25 43 95
25 44 11
25 45 14
25 46 16
25 47 7
25 48 47
25 49 22
25 50 35
25 51 33
25 52 25
25 53 84
25 54 94
25 55 2
25 56 41
25 57 62
25 58 42
25 59 60
25 60 82
25 61 73
25 62 60
25 63 43
25 64 25
25 65 32
25 66 98
25 67 87
25 68 89
25 69 30
25 70 88
25 71 88
25 72 32
25 73 61
25 74 34
25 75 95
25 76 74
25 77 1
25 78 1
25 79 72
25 80 75
25 81 35
25 82 4
25 83 51
25 84 71
25 85 98
25 86 52
25 87 63
25 88 59
25 89 93
25 90 22
25 91 92
25 92 65
25 93 33
25 94 86
25 95 41
25 96 64
25 97 83
25 98 80
25 99 5
26 0 64
26 1 67
26 2 44
26 3 96
26 4 79
26 5 29
26 6 42
26 7 52
26 8 30
26 9 42
26 10 24
26 11 4
26 12 29
26 13 79
26 14 54
26 15 99
26 16 76
26 17 57
26 18 61
26 19 86
26 20 2
26 21 34
26 22 78
26 23 18
26 24 66
26 25 63
26 27 59
26 28 82
26 29 46
26 30 38
26 31 38
26 32 61
26 33 56
26 34 81
26 35 8
26 36 35
26 37 9
26 38 49
26 39 38
26 40 90
26 41 43
26 42 13
26 43 93
26 44 71
26 45 92
26 46 98
26 47 21
26 48 67
26 49 55
26 50 81
26 51 53
26 52 56
26 53 66
26 54 30
26 55 73
26 56 83
26 57 44
26 58 83
26 59 64
26 60 41
26 61 72
26 62 1
26 63 2
26 64 28
26 65 33
26 66 9
26 67 62
26 68 94
26 69 10
26 70 51
26 71 83
26 72 52
26 73 64
26 74 76
26 75 22
26 76 55
26 77 73
26 78 42
26 79 21
26 80 79
26 81 74
26 82 25
26 83 34
26 84 91
26 85 6
26 86 59
26 87 73
26 88 50
26 89 93
26 90 89
26 91 90
26 92 65
26 93 41
26 94 43
26 95 44
26 96 74
26 97 4
26 98 57
26 99 19
27 0 13
27 1 7
27 2 1
27 3 64
27 4 70
27 5 28
27 6 37
27 7 24
27 8 53
27 9 30
27 10 97
27 11 31
27 12 55
27 13 21
27 14 17
27 15 45
27 16 27
27 17 27
27 18 17
27 19 28
27 20 19
27 21 57
27 22 69
27 23 83
27 24 98
27 25 12
27 26 78
27 28 23
27 29 15
27 30 34
27 31 41
27 32 79
27 33 41
27 34 41
27 35 42
27 36 62
27 37 21
27 38 30
27 39 86
27 40 73
27 41 59
27 42 34
27 43 3
27 44 13
27 45 54
27 46 19
27 47 9
27 48 32
27 49 45
27 50 77
27 51 59
27 52 16
27 53 34
27 54 28
27 55 50
27 56 31
27 57 91
27 58 28
27 59 5
27 60 5
27 61 61
27 62 45
27 63 35
27 64 53
27 65 37
27 66 76
27 67 67
27 68 57
27 69 57
27 70 52
27 71 29
27 72 67
27 73 37
27 74 84
27 75 79
27 76 90
27 77 54
27 78 39
27 79 74
27 80 51
27 81 15
27 82 32
27 83 66
27 84 48
27 85 11
27 86 15
27 87 30
27 88 1
27 89 42
27 90 34
27 91 57
27 92 55
27 93 30
27 94 91
27 95 59
27 96 67
27 97 18
27 98 25
27 99 75
28 0 26
28 1 28
28 2 56
28 3 92
28 4 64
28 5 91
28 6 22
28 7 6
28 8 44
28 9 60
28 10 79
28 11 94
28 12 75
28 13 62
28 14 11
28 15 74
28 16 73
28 17 26
28 18 4
28 19 25
28 20 19
28 21 89
28 22 34
28 23 25
28 24 19
28 25 24
28 26 84
28 27 37
28 29 94
28 30 60
28 31 63
28 32 19
28 33 40
28 34 18
28 35 11
28 36 3
28 37 8
28 38 84
28 39 60
28 40 4
28 41 44
28 42 38
28 43 49
28 44 70
28 45 100
28 46 60
28 47 43
28 48 24
28 49 85
28 50 98
28 51 100
28 52 55
28 53 87
28 54 33
28 55 80
28 56 57
28 57 9
28 58 15
28 59 45
28 60 54
28 61 26
28 62 7
28 63 72
28 64 65
28 65 25
28 66 34
28 67 20
28 68 84
28 69 18
28 70 79
28 71 39
28 72 13
28 73 17
28 74 88
28 75 82
28 76 68
28 77 47
28 78 24
28 79 43
28 80 83
28 81 74
28 82 42
28 83 37
28 84 12
28 85 27
28 86 68
28 87 68
28 88 35
28 89 82
28 90 12
28 91 88
28 92 60
28 93 18
28 94 11
28 95 24
28 96 94
28 97 97
28 98 43
28 99 30
29 0 14
29 1 22
29 2 68
29 3 78
29 4 90
29 5 55
29 6 59
29 7 9
29 8 1
29 9 34
29 10 51
29 11 83
29 12 7
29 13 44
29 14 72
29 15 18
29 16 22
29 17 39
29 18 37
29 19 8
29 20 73
29 21 100
29 22 47
29 23 32
29 24 18
29 25 58
29 26 7
29 27 63
29 28 6
29 30 2
29 31 92
29 32 71
29 33 23
29 34 12
29 35 48
29 36 64
29 37 66
29 38 6
29 39 72
29 40 19
29 41 91
29 42 74
29 43 53
29 44 98
29 45 69
29 46 24
29 47 67
29 48 91
29 49 15
29 50 4
29 51 50
29 52 39
29 53 3
29 54 97
29 55 22
29 56 72
29 57 6
29 58 80
29 59 87
29 60 11
29 61 81
29 62 30
29 63 33
29 64 3
29 65 41
29 66 80
29 67 18
29 68 59
29 69 37
29 70 89
29 71 77
29 72 27
29 73 14
29 74 29
29 75 76
29 76 83
29 77 5
29 78 43
29 79 25
29 80 71
29 81 98
29 82 26
29 83 61
29 84 52
29 85 22
29 86 82
29 87 24
29 88 79
29 89 13
29 90 10
29 91 41
29 92 94
29 93 39
29 94 73
29 95 96
29 96 32
29 97 52
29 98 66
29 99 90
30 0 40
30 1 54
30 2 18
30 3 67
30 4 20
30 5 98
30 6 42
30 7 54
30 8 2
30 9 36
30 10 30
30 11 24
30 12 33
30 13 55
30 14 84
30 15 37
30 16 29
30 17 17
30 18 60
30 19 7
30 20 30
30 21 21
30 22 48
30 23 75
30 24 11
30 25 72
30 26 22
30 27 94
30 28 76
30 29 87
30 31 83
30 32 15
30 33 93
30 34 100
30 35 33
30 36 12
30 37 98
30 38 27
30 39 65
30 40 51
30 41 62
30 42 94
30 43 27
30 44 47
30 45 100
30 46 62
30 47 83
30 48 28
30 49 31
30 50 94
30 51 87
30 52 12
30 53 66
30 54 86
30 55 86
30 56 76
30 57 57
30 58 7
30 59 70
30 60 32
30 61 94
30 62 4
30 63 99
30 64 86
30 65 56
30 66 31
30 67 49
30 68 53
30 69 57
30 70 13
30 71 55
30 72 71
30 73 58
30 74 81
30 75 17
30 76 9
30 77 95
30 78 51
30 79 37
30 80 25
30 81 44
30 82 23
30 83 36
30 84 9
30 85 60
30 86 73
30 87 36
30 88 16
30 89 79
30 90 57
30 91 100
30 92 24
30 93 61
30 94 50
30 95 61
30 96 16
30 97 80
30 98 9
30 99 20
31 0 89
31 1 73
31 2 26
31 3 59
31 4 82
31 5 59
31 6 27
31 7 91
31 8 53
31 9 77
31 10 27
31 11 29
31 12 20
31 13 1
31 14 64
31 15 28
31 16 12
31 17 88
31 18 15
31 19 79
31 20 66
31 21 72
31 22 78
31 23 42
31 24 32
31 25 79
31 26 2
31 27 99
31 28 59
31 29 63
31 30 70
31 32 99
31 33 35
31 34 47
31 35 57
31 36 17
31 37 5
31 38 35
31 39 7
31 40 9
31 41 11
31 42 85
31 43 37
31 44 30
31 45 37
31 46 52
31 47 9
31 48 48
31 49 39
31 50 23
31 51 26
31 52 57
31 53 94
31 54 56
31 55 98
31 56 77
31 57 34
31 58 51
31 59 27
31 60 44
31 61 13
31 62 48
31 63 42
31 64 48
31 65 95
31 66 50
31 67 16
31 68 99
31 69 84
31 70 74
31 71 8
31 72 94
31 73 10
31 74 96
31 75 75
31 76 46
31 77 48
31 78 83
31 79 93
31 80 86
31 81 58
31 82 70
31 83 42
31 84 3
31 85 25
31 86 91
31 87 80
31 88 11
31 89 42
31 90 58
31 91 54
31 92 54
31 93 6
31 94 96
31 95 53
31 96 100
31 97 45
31 98 20
31 99 50
32 0 29
32 1 93
32 2 9
32 3 74
32 4 2
32 5 5
32 6 49
32 7 99
32 8 52
32 9 83
32 10 43
32 11 89
32 12 40
32 13 13
32 14 83
32 15 43
32 16 89
32 17 73
32 18 74
32 19 99
32 20 66
32 21 31
32 22 53
32 23 72
32 24 88
32 25 100
32 26 24
32 27 87
32 28 96
32 29 96
32 30 89
32 31 76
32 33 88
32 34 97
32 35 50
32 36 42
32 37 1
32 38 50
32 39 92
32 40 52
32 41 32
32 42 35
32 43 93
32 44 72
32 45 99
32 46 75
32 47 66
32 48 87
32 49 47
32 50 91
32 51 38
32 52 65
32 53 73
32 54 42
32 55 36
32 56 61
32 57 41
32 58 11
32 59 99
32 60 36
32 61 6
32 62 87
32 63 12
32 64 46
32 65 84
32 66 13
32 67 87
32 68 36
32 69 62
32 70 30
32 71 40
32 72 93
32 73 64
32 74 32
32 75 16
32 76 62
32 77 6
32 78 33
32 79 1
32 80 4
32 81 23
32 82 38
32 83 68
32 84 96
32 85 79
32 86 3
32 87 56
32 88 71
32 89 14
32 90 6
32 91 58
32 92 19
32 93 93
32 94 21
32 95 16
32 96 28
32 97 33
32 98 54
32 99 15
33 0 46
33 1 84
33 2 54
33 3 91
33 4 47
33 5 85
33 6 6
33 7 61
33 8 42
33 9 39
33 10 13
33 11 46
33 12 13
33 13 2
33 14 13
33 15 8
33 16 32
33 17 68
33 18 15
33 19 2
33 20 81
33 21 21
33 22 59
33 23 51
33 24 65
33 25 32
33 26 67
33 27 44
33 28 64
33 29 72
33 30 58
33 31 62
33 32 55
33 34 12
33 35 52
33 36 54
33 37 48
33 38 9
33 39 14
33 40 90
33 41 99
33 42 78
33 43 35
33 44 12
33 45 79
33 46 99
33 47 19
33 48 10
33 49 66
33 50 86
33 51 63
33 52 98
33 53 6
33 54 21
33 55 1
33 56 70
33 57 4
33 58 19
33 59 65
33 60 20
33 61 90
33 62 22
33 63 81
33 64 45
33 65 85
33 66 32
33 67 98
33 68 85
33 69 92
33 70 63
33 71 74
33 72 91
33 73 92
33 74 60
33 75 2
33 76 70
33 77 10
33 78 72
33 79 79
33 80 76
33 81 57
33 82 41
33 83 25
33 84 14
33 85 13
33 86 77
33 87 35
33 88 17
33 89 95
33 90 99
33 91 88
33 92 37
33 93 73
33 94 68
33 95 33
33 96 57
33 97 51
33 98 82
33 99 93
34 0 42
34 1 44
34 2 18
34 3 32
34 4 35
34 5 77
34 6 85
34 7 56
34 8 87
34 9 57
34 10 86
34 11 14
34 12 65
34 13 26
34 14 90
34 15 79
34 16 90
34 17 67
34 18 13
34 19 58
34 20 13
34 21 12
34 22 45
34 23 49
34 24 36
34 25 64
34 26 33
34 27 44
34 28 14
34 29 14
34 30 37
34 31 56
34 32 57
34 33 54
34 35 39
34 36 43
34 37 83
34 38 24
34 39 98
34 40 21
34 41 32
34 42 35
34 43 34
34 44 96
34 45 12
34 46 75
34 47 26
34 48 2
34 49 93
34 50 91
34 51 11
34 52 58
34 53 2
34 54 8
34 55 58
34 56 89
34 57 71
34 58 91
34 59 32
34 60 37
34 61 4
34 62 68
34 63 92
34 64 13
34 65 22
34 66 82
34 67 55
34 68 4
34 69 57
34 70 5
34 71 24
34 72 88
34 73 39
34 74 9
34 75 36
34 76 3
34 77 35
34 78 13
34 79 4
34 80 28
34 81 3
34 82 66
34 83 85
34 84 4
34 85 25
34 86 94
34 87 92
34 88 96
34 89 84
34 90 76
34 91 32
34 92 88
34 93 43
34 94 75
34 95 100
34 96 16
34 97 56
34 98 6
34 99 19
35 0 13
35 1 62
35 2 94
35 3 52
35 4 53
35 5 54
35 6 39
35 7 55
35 8 89
35 9 52
35 10 10
35 11 68
35 12 54
35 13 75
35 14 4
35 15 10
35 16 52
35 17 97
35 18 53
35 19 47
35 20 81
35 21 28
35 22 30
35 23 20
35 24 71
35 25 56
35 26 71
35 27 86
35 28 63
35 29 76
35 30 57
35 31 75
35 32 90
35 33 2
35 34 79
35 36 42
35 37 56
35 38 17
35 39 48
35 40 96
35 41 20
35 42 57
35 43 15
35 44 74
35 45 83
35 46 70
35 47 83
35 48 34
35 49 18
35 50 87
35 51 32
35 52 98
35 53 15
35 54 61
35 55 69
35 56 37
35 57 16
35 58 39
35 59 22
35 60 79
35 61 15
35 62 30
35 63 5
35 64 56
35 65 32
35 66 35
35 67 97
35 68 39
35 69 4
35 70 44
35 71 34
35 72 23
35 73 52
35 74 100
35 75 96
35 76 34
35 77 69
35 78 30
35 79 20
35 80 86
35 81 17
35 82 51
35 83 36
35 84 83
35 85 64
35 86 56
35 87 19
35 88 31
35 89 95
35 90 40
35 91 9
35 92 61
35 93 22
35 94 66
35 95 16
35 96 53
35 97 52
35 98 12
35 99 91
36 0 55
36 1 7
36 2 76
36 3 78
36 4 58
36 5 27
36 6 25
36 7 43
36 8 95
36 9 7
36 10 62
36 11 32
36 12 75
36 13 13
36 14 19
36 15 57
36 16 28
36 17 75
36 18 75
36 19 58
36 20 69
36 21 66
36 22 67
36 23 81
36 24 87
36 25 84
36 26 96
36 27 91
36 28 35
36 29 59
36 30 33
36 31 42
36 32 65
36 33 60
36 34 71
36 35 74
36 37 86
36 38 47
36 39 16
36 40 32
36 41 53
36 42 30
36 43 16
36 44 79
36 45 94
36 46 34
36 47 35
36 48 21
36 49 60
36 50 61
36 51 78
36 52 28
36 53 27
36 54 96
36 55 60
36 56 65
36 57 31
36 58 55
36 59 8
36 60 66
36 61 13
36 62 92
36 63 59
36 64 29
36 65 52
36 66 29
36 67 54
36 68 89
36 69 75
36 70 22
36 71 73
36 72 80
36 73 3
36 74 88
36 75 58
36 76 96
36 77 73
36 78 45
36 79 16
36 80 33
36 81 5
36 82 45
36 83 12
36 84 83
36 85 41
36 86 72
36 87 48
36 88 71
36 89 26
36 90 7
36 91 88
36 92 91
36 93 98
36 94 46
36 95 71
36 96 49
36 97 74
36 98 77
36 99 90
37 0 1
37 1 98
37 2 62
37 3 80
37 4 100
37 5 49
37 6 89
37 7 47
37 8 73
37 9 33
37 10 14
37 11 5
37 12 38
37 13 58
37 14 17
37 15 20
37 16 98
37 17 88
37 18 19
37 19 21
37 20 65
37 21 25
37 22 60
37 23 7
37 24 75
37 25 6
37 26 78
37 27 75
37 28 31
37 29 6
37 30 64
37 31 83
37 32 55
37 33 25
37 34 14
37 35 6
37 36 25
37 38 3
37 39 52
37 40 98
37 41 35
37 42 65
37 43 54
37 44 24
37 45 22
37 46 70
37 47 96
37 48 72
37 49 9
37 50 14
37 51 44
37 52 74
37 53 91
37 54 3
37 55 32
37 56 17
37 57 8
37 58 9
37 59 91
37 60 91
37 61 66
37 62 55
37 63 73
37 64 20
37 65 31
37 66 87
37 67 25
37 68 56
37 69 41
37 70 76
37 71 5
37 72 27
37 73 92
37 74 58
37 75 51
37 76 14
37 77 80
37 78 98
37 79 37
37 80 88
37 81 11
37 82 80
37 83 13
37 84 53
37 85 34
37 86 45
37 87 69
37 88 94
37 89 5
37 90 60
37 91 84
37 92 71
37 93 66
37 94 8
37 95 90
37 96 96
37 97 46
37 98 67
37 99 3
38 0 86
38 1 42
38 2 59
38 3 65
38 4 34
38 5 17
38 6 67
38 7 99
38 8 48
38 9 64
38 10 87
38 11 35
38 12 26
38 13 18
38 14 48
38 15 79
38 16 51
38 17 44
38 18 99
38 19 44
38 20 48
38 21 10
38 22 79
38 23 70
38 24 75
38 25 39
38 26 60
38 27 23
38 28 36
38 29 26
38 30 77
38 31 74
38 32 19
38 33 36
38 34 38
38 35 4
38 36 4
38 37 4
38 39 2
38 40 51
38 41 67
38 42 88
38 43 85
38 44 92
38 45 57
38 46 84
38 47 22
38 48 8
38 49 79
38 50 21
38 51 3
38 52 27
38 53 30
38 54 34
38 55 96
38 56 57
38 57 72
38 58 7
38 59 79
38 60 7
38 61 84
38 62 7
38 63 80
38 64 55
38 65 42
38 66 17
38 67 58
38 68 97
38 69 72
38 70 12
38 71 47
38 72 38
38 73 51
38 74 84
38 75 82
38 76 8
38 77 19
38 78 3
38 79 67
38 80 98
38 81 75
38 82 69
38 83 76
38 84 57
38 85 2
38 86 23
38 87 13
38 88 25
38 89 30
38 90 43
38 91 84
38 92 65
38 93 1
38 94 63
38 95 19
38 96 43
38 97 32
38 98 29
38 99 39
39 0 55
39 1 40
39 2 38
39 3 45
39 4 90
39 5 21
39 6 26
39 7 49
39 8 91
39 9 80
39 10 15
39 11 88
39 12 55
39 13 84
39 14 63
39 15 63
39 16 37
39 17 86
39 18 27
39 19 62
39 20 67
39 21 21
39 22 45
39 23 83
39 24 21
39 25 59
39 26 54
39 27 15
39 28 42
39 29 82
39 30 54
39 31 97
39 32 21
39 33 43
39 34 41
39 35 62
39 36 63
39 37 18
39 38 11
39 40 5
39 41 97
39 42 25
39 43 93
39 44 3
39 45 60
39 46 7
39 47 17
39 48 97
39 49 44
39 50 43
39 51 10
39 52 62
39 53 63
39 54 6
39 55 45
39 56 36
39 57 16
39 58 98
39 59 50
39 60 58
39 61 31
39 62 55
39 63 6
39 64 3
39 65 97
39 66 98
39 67 64
39 68 11
39 69 67
39 70 74
39 71 16
39 72 15
39 73 51
39 74 60
39 75 70
39 76 10
39 77 66
39 78 86
39 79 58
39 80 62
39 81 29
39 82 67
39 83 23
39 84 43
39 85 24
39 86 19
39 87 78
39 88 40
39 89 68
39 90 80
39 91 49
39 92 98
39 93 34
39 94 6
39 95 100
39 96 31
39 97 3
39 98 16
39 99 41
40 0 21
40 1 41
40 2 8
40 3 35
40 4 43
40 5 67
40 6 4
40 7 53
40 8 85
40 9 90
40 10 62
40 11 46
40 12 70
40 13 81
40 14 20
40 15 64
40 16 4
40 17 91
40 18 94
40 19 95
40 20 10
40 21 73
40 22 95
40 23 8
40 24 6
40 25 100
40 26 59
40 27 88
40 28 54
40 29 26
40 30 81
40 31 74
40 32 67
40 33 88
40 34 9
40 35 9
40 36 55
40 37 64
40 38 13
40 39 91
40 41 53
40 42 75
40 43 36
40 44 74
40 45 7
40 46 7
40 47 38
40 48 10
40 49 97
40 50 83
40 51 57
40 52 7
40 53 7
40 54 51
40 55 66
40 56 64
40 57 51
40 58 76
40 59 52
40 60 56
40 61 54
40 62 32
40 63 30
40 64 20
40 65 71
40 66 90
40 67 80
40 68 77
40 69 53
40 70 45
40 71 67
40 72 58
40 73 71
40 74 54
40 75 31
40 76 77
40 77 13
40 78 20
40 79 38
40 80 9
40 81 2
40 82 94
40 83 67
40 84 8
40 85 97
40 86 84
40 87 72
40 88 99
40 89 12
40 90 75
40 91 54
40 92 65
40 93 58
40 94 35
40 95 36
40 96 80
40 97 24
40 98 15
40 99 57
41 0 77
41 1 59
41 2 75
41 3 34
41 4 29
41 5 81
41 6 16
41 7 57
41 8 93
41 9 36
41 10 95
41 11 1
41 12 89
41 13 40
41 14 20
41 15 49
41 16 36
41 17 55
41 18 72
41 19 34
41 20 66
41 21 98
41 22 88
41 23 30
41 24 55
41 25 22
41 26 65
41 27 86
41 28 98
41 29 32
41 30 42
41 31 74
41 32 42
41 33 69
41 34 59
41 35 71
41 36 49
41 37 26
41 38 27
41 39 41
41 40 13
41 42 73
41 43 93
41 44 54
41 45 13
41 46 64
41 47 2
41 48 48
41 49 19
41 50 25
41 51 82
41 52 84
41 53 22
41 54 21
41 55 66
41 56 28
41 57 42
41 58 82
41 59 13
41 60 39
41 61 65
41 62 7
41 63 64
41 64 7
41 65 75
41 66 74
41 67 77
41 68 75
41 69 100
41 70 55
41 71 15
41 72 64
41 73 28
41 74 7
41 75 17
41 76 92
41 77 71
41 78 70
41 79 39
41 80 41
41 81 94
41 82 72
41 83 24
41 84 67
41 85 92
41 86 41
41 87 46
41 88 86
41 89 75
41 90 11
41 91 76
41 92 39
41 93 69
41 94 40
41 95 45
41 96 95
41 97 65
41 98 73
41 99 69
42 0 16
42 1 80
42 2 83
42 3 80
42 4 59
42 5 41
42 6 48
42 7 50
42 8 63
42 9 18
42 10 40
42 11 3
42 12 63
42 13 12
42 14 79
42 15 82
42 16 3
42 17 19
42 18 27
42 19 40
42 20 45
42 21 89
42 22 16
42 23 84
42 24 9
42 25 7
42 26 80
42 27 3
42 28 71
42 29 53
42 30 71
42 31 87
42 32 84
42 33 5
42 34 18
42 35 42
42 36 46
42 37 65
42 38 91
42 39 8
42 40 82
42 41 82
42 43 11
42 44 45
42 45 93
42 46 41
42 47 78
42 48 48
42 49 59
42 50 56
42 51 87
42 52 56
42 53 45
42 54 2
42 55 39
42 56 53
42 57 60
42 58 18
42 59 8
42 60 31
42 61 22
42 62 78
42 63 69
42 64 5
42 65 35
42 66 86
42 67 98
42 68 80
42 69 50
42 70 40
42 71 39
42 72 84
42 73 22
42 74 1
42 75 80
42 76 14
42 77 41
42 78 57
42 79 61
42 80 52
42 81 12
42 82 100
42 83 7
42 84 8
42 85 53
42 86 97
42 87 61
42 88 13
42 89 66
42 90 20
42 91 95
42 92 40
42 93 97
42 94 63
42 95 44
42 96 31
42 97 48
42 98 94
42 99 62
43 0 49
43 1 33
43 2 53
43 3 32
43 4 54
43 5 5
43 6 11
43 7 20
43 8 46
43 9 67
43 10 32
43 11 49
43 12 79
43 13 31
43 14 55
43 15 86
43 16 36
43 17 51
43 18 98
43 19 48
43 20 68
43 21 17
43 22 94
43 23 7
43 24 66
43 25 56
43 26 3
43 27 48
43 28 3
43 29 96
43 30 62
43 31 51
43 32 28
43 33 14
43 34 35
43 35 34
43 36 18
43 37 45
43 38 53
43 39 15
43 40 12
43 41 84
43 42 63
43 44 42
43 45 67
43 46 69
43 47 79
43 48 2
43 49 71
43 50 77
43 51 1
43 52 39
43 53 45
43 54 94
43 55 45
43 56 62
43 57 49
43 58 47
43 59 10
43 60 3
43 61 94
43 62 71
43 63 5
43 64 74
43 65 36
43 66 39
43 67 7
43 68 5
43 69 36
43 70 59
43 71 20
43 72 47
43 73 42
43 74 34
43 75 40
43 76 60
43 77 3
43 78 18
43 79 61
43 80 73
43 81 94
43 82 61
43 83 11
43 84 91
43 85 6
43 86 8
43 87 52
43 88 6
43 89 6
43 90 13
43 91 8
43 92 100
43 93 35
43 94 65
43 95 73
43 96 70
43 97 55
43 98 31
43 99 27
44 0 90
44 1 89
44 2 98
44 3 88
44 4 82
44 5 31
44 6 27
44 7 42
44 8 85
44 9 45
44 10 54
44 11 58
44 12 90
44 13 67
44 14 20
44 15 32
44 16 72
44 17 79
44 18 84
44 19 78
44 20 85
44 21 96
44 22 37
44 23 36
44 24 83
44 25 1
44 26 60
44 27 4
44 28 56
44 29 90
44 30 30
44 31 97
44 32 30
44 33 27
44 34 85
44 35 63
44 36 10
44 37 11
44 38 56
44 39 94
44 40 7
44 41 10
44 42 3
44 43 97
44 45 76
44 46 23
44 47 28
44 48 47
44 49 1
44 50 63
44 51 76
44 52 37
44 53 11
44 54 13
44 55 72
44 56 93
44 57 13
44 58 31
44 59 96
44 60 20
44 61 72
44 62 78
44 63 69
44 64 1
44 65 56
44 66 53
44 67 64
44 68 65
44 69 15
44 70 19
44 71 11
44 72 22
44 73 80
44 74 13
44 75 70
44 76 55
44 77 35
44 78 49
44 79 54
44 80 88
44 81 64
44 82 29
44 83 24
44 84 26
44 85 41
44 86 96
44 87 18
44 88 6
44 89 78
44 90 65
44 91 77
44 92 50
44 93 94
44 94 45
44 95 50
44 96 50
44 97 49
44 98 65
44 99 66
45 0 64
45 1 36
45 2 76
45 3 37
45 4 15
45 5 89
45 6 58
45 7 70
45 8 75
45 9 6
45 10 75
45 11 62
45 12 21
45 13 3
45 14 86
45 15 46
45 16 96
45 17 33
45 18 15
45 19 1
45 20 10
45 21 80
45 22 29
45 23 11
45 24 25
45 25 74
45 26 13
45 27 74
45 28 22
45 29 29
45 30 92
45 31 37
45 32 64
45 33 67
45 34 73
45 35 79
45 36 7
45 37 30
45 38 100
45 39 82
45 40 88
45 41 74
45 42 95
45 43 8
45 44 28
45 46 32
45 47 54
45 48 23
45 49 16
45 50 68
45 51 75
45 52 26
45 53 99
45 54 4
45 55 88
45 56 76
45 57 29
45 58 100
45 59 49
45 60 2
45 61 29
45 62 92
45 63 39
45 64 44
45 65 11
45 66 63
45 67 74
45 68 17
45 69 93
45 70 73
45 71 50
45 72 32
45 73 98
45 74 97
45 75 39
45 76 78
45 77 28
45 78 44
45 79 52
45 80 44
45 81 64
45 82 27
45 83 21
45 84 14
45 85 82
45 86 60
45 87 89
45 88 62
45 89 60
45 90 90
45 91 63
45 92 40
45 93 81
45 94 1
45 95 83
45 96 91
45 97 16
45 98 57
45 99 60
46 0 8
46 1 81
46 2 61
46 3 91
46 4 31
46 5 57
46 6 29
46 7 8
46 8 37
46 9 25
46 10 59
46 11 80
46 12 40
46 13 37
46 14 52
46 15 53
46 16 70
46 17 11
46 18 94
46 19 31
46 20 22
46 21 83
46 22 94
46 23 61
46 24 15
46 25 46
46 26 96
46 27 6
46 28 61
46 29 4
46 30 17
46 31 20
46 32 84
46 33 77
46 34 10
46 35 66
46 36 86
46 37 91
46 38 25
46 39 22
46 40 67
46 41 84
46 42 53
46 43 6
46 44 72
46 45 4
46 47 10
46 48 42
46 49 66
46 50 3
46 51 72
46 52 88
46 53 85
46 54 17
46 55 100
46 56 100
46 57 63
46 58 47
46 59 57
46 60 75
46 61 50
46 62 25
46 63 47
46 64 86
46 65 1
46 66 56
46 67 51
46 68 86
46 69 98
46 70 76
46 71 59
46 72 64
46 73 11
46 74 11
46 75 69
46 76 34
46 77 14
46 78 79
46 79 75
46 80 32
46 81 81
46 82 99
46 83 19
46 84 18
46 85 67
46 86 70
46 87 69
46 88 81
46 89 17
46 90 77
46 91 56
46 92 66
46 93 1
46 94 2
46 95 3
46 96 53
46 97 9
46 98 54
46 99 91
47 0 7
47 1 81
47 2 49
47 3 70
47 4 91
47 5 60
47 6 91
47 7 76
47 8 25
47 9 69
47 10 51
47 11 56
47 12 1
47 13 1
47 14 26
47 15 70
47 16 67
47 17 48
47 18 38
47 19 48
47 20 64
47 21 66
47 22 55
47 23 81
47 24 66
47 25 8
47 26 84
47 27 71
47 28 16
47 29 89
47 30 61
47 31 74
47 32 69
47 33 61
47 34 96
47 35 11
47 36 20
47 37 86
47 38 86
47 39 97
47 40 6
47 41 88
47 42 4
47 43 6
47 44 88
47 45 82
47 46 76
47 48 7
47 49 29
47 50 65
47 51 6
47 52 44
47 53 31
47 54 60
47 55 76
47 56 48
47 57 19
47 58 59
47 59 18
47 60 34
47 61 47
47 62 30
47 63 60
47 64 67
47 65 91
47 66 55
47 67 77
47 68 62
47 69 40
47 70 63
47 71 10
47 72 45
47 73 50
47 74 14
47 75 2
47 76 90
47 77 47
47 78 29
47 79 96
47 80 75
47 81 94
47 82 1
47 83 70
47 84 76
47 85 12
47 86 45
47 87 23
47 88 30
47 89 56
47 90 41
47 91 15
47 92 54
47 93 22
47 94 74
47 95 21
47 96 12
47 97 28
47 98 97
47 99 26
48 0 19
48 1 59
48 2 35
48 3 15
48 4 61
48 5 48
48 6 69
48 7 50
48 8 94
48 9 97
48 10 45
48 11 20
48 12 42
48 13 97
48 14 89
48 15 17
48 16 8
48 17 86
48 18 92
48 19 89
48 20 41
48 21 84
48 22 3
48 23 94
48 24 5
48 25 77
48 26 14
48 27 17
48 28 56
48 29 63
48 30 42
48 31 75
48 32 21
48 33 76
48 34 41
48 35 81
48 36 76
48 37 9
48 38 82
48 39 21
48 40 6
48 41 26
48 42 93
48 43 99
48 44 22
48 45 81
48 46 68
48 47 81
48 49 18
48 50 59
48 51 69
48 52 58
48 53 42
48 54 72
48 55 4
48 56 46
48 57 100
48 58 69
48 59 14
48 60 55
48 61 31
48 62 7
48 63 81
48 64 4
48 65 35
48 66 22
48 67 36
48 68 62
48 69 30
48 70 18
48 71 82
48 72 87
48 73 43
48 74 74
48 75 86
48 76 17
48 77 7
48 78 53
48 79 97
48 80 76
48 81 11
48 82 18
48 83 86
48 84 4
48 85 41
48 86 89
48 87 1
48 88 40
48 89 57
48 90 67
48 91 46
48 92 88
48 93 25
48 94 27
48 95 91
48 96 11
48 97 48
48 98 26
48 99 72
49 0 29
49 1 95
49 2 6
49 3 16
49 4 38
49 5 31
49 6 53
49 7 6
49 8 89
49 9 5
49 10 54
49 11 65
49 12 67
49 13 71
49 14 50
49 15 22
49 16 11
49 17 90
49 18 22
49 19 2
49 20 98
49 21 40
49 22 48
49 23 85
49 24 65
49 25 74
49 26 27
49 27 75
49 28 73
49 29 5
49 30 99
49 31 1
49 32 99
49 33 56
49 34 68
49 35 88
49 36 86
49 37 20
49 38 93
49 39 27
49 40 76
49 41 47
49 42 91
49 43 94
49 44 69
49 45 92
49 46 15
49 47 32
49 48 33
49 50 89
49 51 33
49 52 30
49 53 28
49 54 80
49 55 67
49 56 44
49 57 5
49 58 93
49 59 71
49 60 77
49 61 49
49 62 69
49 63 30
49 64 48
49 65 24
49 66 49
49 67 87
49 68 61
49 69 69
49 70 32
49 71 87
49 72 96
49 73 30
49 74 29
49 75 90
49 76 98
49 77 72
49 78 56
49 79 29
49 80 4
49 81 44
49 82 14
49 83 86
49 84 24
49 85 93
49 86 52
49 87 19
49 88 98
49 89 44
49 90 89
49 91 26
49 92 45
49 93 9
49 94 55
49 95 44
49 96 84
49 97 4
49 98 30
49 99 97
50 0 24
50 1 61
50 2 83
50 3 71
50 4 90
50 5 64
50 6 60
50 7 40
50 8 87
50 9 68
50 10 20
50 11 43
50 12 63
50 13 33
50 14 28
50 15 86
50 16 78
50 17 79
50 18 5
50 19 27
50 20 74
50 21 45
50 22 52
50 23 18
50 24 6
50 25 59
50 26 61
50 27 89
50 28 62
50 29 43
50 30 85
50 31 37
50 32 3
50 33 20
50 34 7
50 35 45
50 36 35
50 37 19
50 38 84
50 39 21
50 40 86
50 41 55
50 42 63
50 43 48
50 44 88
50 45 90
50 46 86
50 47 65
50 48 20
50 49 42
50 51 91
50 52 94
50 53 38
50 54 94
50 55 11
50 56 43
50 57 52
50 58 24
50 59 32
50 60 65
50 61 66
50 62 68
50 63 1
50 64 20
50 65 87
50 66 60
50 67 16
50 68 73
50 69 78
50 70 99
50 71 94
50 72 15
50 73 6
50 74 8
50 75 62
50 76 93
50 77 50
50 78 99
50 79 9
50 80 69
50 81 40
50 82 51
50 83 14
50 84 78
50 85 44
50 86 77
50 87 20
50 88 48
50 89 100
50 90 3
50 91 12
50 92 17
50 93 71
50 94 65
50 95 36
50 96 9
50 97 24
50 98 52
50 99 82
51 0 1
51 1 2
51 2 27
51 3 15
51 4 7
51 5 86
51 6 28
51 7 51
51 8 35
51 9 27
51 10 59
51 11 56
51 12 18
51 13 61
51 14 69
51 15 95
51 16 57
51 17 45
51 18 67
51 19 4
51 20 44
51 21 21
51 22 67
51 23 12
51 24 43
51 25 31
51 26 48
51 27 52
51 28 54
51 29 51
51 30 85
51 31 6
51 32 4
51 33 63
51 34 20
51 35 11
51 36 48
51 37 100
51 38 13
51 39 83
51 40 78
51 41 72
51 42 38
51 43 95
51 44 84
51 45 58
51 46 42
51 47 40
51 48 3
51 49 8
51 50 95
51 52 98
51 53 80
51 54 62
51 55 10
51 56 23
51 57 44
51 58 9
51 59 74
51 60 98
51 61 11
51 62 10
51 63 3
51 64 14
51 65 72
51 66 75
51 67 76
51 68 19
51 69 74
51 70 89
51 71 53
51 72 3
51 73 12
51 74 90
51 75 97
51 76 95
51 77 100
51 78 38
51 79 87
51 80 2
51 81 97
51 82 33
51 83 51
51 84 77
51 85 46
51 86 60
51 87 99
51 88 90
51 89 20
51 90 24
51 91 87
51 92 30
51 93 85
51 94 41
51 95 96
51 96 56
51 97 67
51 98 71
51 99 26
52 0 92
52 1 59
52 2 79
52 3 94
52 4 22
52 5 20
52 6 91
52 7 17
52 8 19
52 9 80
52 10 55
52 11 72
52 12 77
52 13 87
52 14 23
52 15 5
52 16 33
52 17 34
52 18 55
52 19 74
52 20 6
52 21 30
52 22 60
52 23 35
52 24 14
52 25 52
52 26 30
52 27 21
52 28 19
52 29 53
52 30 98
52 31 10
52 32 63
52 33 28
52 34 56
52 35 85
52 36 48
52 37 46
52 38 53
52 39 18
52 40 25
52 41 7
52 42 42
52 43 53
52 44 45
52 45 16
52 46 57
52 47 29
52 48 49
52 49 63
52 50 2
52 51 54
52 53 92
52 54 61
52 55 41
52 56 57
52 57 65
52 58 22
52 59 77
52 60 35
52 61 74
52 62 75
52 63 44
52 64 89
52 65 2
52 66 51
52 67 73
52 68 1
52 69 96
52 70 25
52 71 71
52 72 73
52 73 31
52 74 12
52 75 25
52 76 27
52 77 79
52 78 34
52 79 56
52 80 27
52 81 96
52 82 57
52 83 33
52 84 88
52 85 70
52 86 25
52 87 44
52 88 34
52 89 46
52 90 73
52 91 68
52 92 72
52 93 99
52 94 63
52 95 60
52 96 52
52 97 14
52 98 32
52 99 5
53 0 61
53 1 8
53 2 75
53 3 33
53 4 90
53 5 38
53 6 58
53 7 16
53 8 16
53 9 91
53 10 71
53 11 94
53 12 38
53 13 28
53 14 78
53 15 77
53 16 97
53 17 2
53 18 21
53 19 82
53 20 100
53 21 45
53 22 1
53 23 71
53 24 43
53 25 63
53 26 82
53 27 46
53 28 28
53 29 65
53 30 50
53 31 89
53 32 72
53 33 24
53 34 73
53 35 61
53 36 13
53 37 82
53 38 76
53 39 80
53 40 24
53 41 47
53 42 74
53 43 62
53 44 26
53 45 3
53 46 38
53 47 22
53 48 5
53 49 10
53 50 55
53 51 4
53 52 54
53 54 55
53 55 26
53 56 48
53 57 17
53 58 7
53 59 94
53 60 97
53 61 71
53 62 43
53 63 37
53 64 42
53 65 19
53 66 9
53 67 54
53 68 83
53 69 91
53 70 29
53 71 63
53 72 14
53 73 27
53 74 88
53 75 75
53 76 4
53 77 90
53 78 65
53 79 77
53 80 46
53 81 74
53 82 31
53 83 49
53 84 28
53 85 85
53 86 26
53 87 27
53 88 54
53 89 32
53 90 20
53 91 50
53 92 2
53 93 15
53 94 38
53 95 95
53 96 33
53 97 46
53 98 100
53 99 67
54 0 88
54 1 81
54 2 29
54 3 2
54 4 59
54 5 68
54 6 28
54 7 63
54 8 10
54 9 92
54 10 39
54 11 55
54 12 18
54 13 70
54 14 56
54 15 45
54 16 54
54 17 81
54 18 71
54 19 59
54 20 65
54 21 43
54 22 60
54 23 18
54 24 57
54 25 97
54 26 13
54 27 41
54 28 95
54 29 64
54 30 59
54 31 82
54 32 44
54 33 40
54 34 83
54 35 3
54 36 7
54 37 63
54 38 65
54 39 68
54 40 6
54 41 3
54 42 75
54 43 23
54 44 24
54 45 30
54 46 19
54 47 30
54 48 62
54 49 42
54 50 88
54 51 26
54 52 84
54 53 100
54 55 44
54 56 92
54 57 96
54 58 8
54 59 84
54 60 90
54 61 71
54 62 42
54 63 72
54 64 67
54 65 33
54 66 6
54 67 69
54 68 40
54 69 20
54 70 85
54 71 59
54 72 26
54 73 39
54 74 33
54 75 48
54 76 63
54 77 14
54 78 67
54 79 44
54 80 28
54 81 8
54 82 83
54 83 5
54 84 43
54 85 82
54 86 48
54 87 86
54 88 78
54 89 7
54 90 21
54 91 19
54 92 30
54 93 62
54 94 90
54 95 96
54 96 47
54 97 48
54 98 16
54 99 38
55 0 67
55 1 52
55 2 96
55 3 92
55 4 90
55 5 81
55 6 92
55 7 4
55 8 94
55 9 10
55 10 47
55 11 73
55 12 69
55 13 30
55 14 78
55 15 11
55 16 63
55 17 77
55 18 48
55 19 40
55 20 84
55 21 68
55 22 59
55 23 65
55 24 81
55 25 100
55 26 12
55 27 27
55 28 47
55 29 79
55 30 64
55 31 14
55 32 30
55 33 12
55 34 57
55 35 19
55 36 92
55 37 100
55 38 75
55 39 37
55 40 9
55 41 73
55 42 10
55 43 77
55 44 54
55 45 87
55 46 39
55 47 17
55 48 63
55 49 86
55 50 8
55 51 98
55 52 5
55 53 18
55 54 62
55 56 86
55 57 18
55 58 25
55 59 64
55 60 16
55 61 3
55 62 80
55 63 81
55 64 84
55 65 91
55 66 38
55 67 55
55 68 82
55 69 37
55 70 29
55 71 18
55 72 98
55 73 1
55 74 27
55 75 74
55 76 55
55 77 65
55 78 65
55 79 23
55 80 28
55 81 50
55 82 30
55 83 77
55 84 7
55 85 48
55 86 91
55 87 44
55 88 17
55 89 15
55 90 7
55 91 32
55 92 70
55 93 38
55 94 13
55 95 53
55 96 28
55 97 2
55 98 7
55 99 9
56 0 90
56 1 87
56 2 79
56 3 87
56 4 88
56 5 57
56 6 13
56 7 94
56 8 22
56 9 77
56 10 68
56 11 1
56 12 78
56 13 97
56 14 77
56 15 84
56 16 96
56 17 19
56 18 79
56 19 12
56 20 34
56 21 38
56 22 96
56 23 55
56 24 75
56 25 8
56 26 59
56 27 3
56 28 61
56 29 66
56 30 63
56 31 2
56 32 52
56 33 93
56 34 89
56 35 91
56 36 50
56 37 1
56 38 36
56 39 23
56 40 29
56 41 3
56 42 23
56 43 6
56 44 52
56 45 51
56 46 42
56 47 47
56 48 70
56 49 20
56 50 11
56 51 55
56 52 57
56 53 6
56 54 9
56 55 32
56 57 65
56 58 67
56 59 86
56 60 77
56 61 84
56 62 48
56 63 78
56 64 88
56 65 41
56 66 66
56 67 30
56 68 42
56 69 18
56 70 18
56 71 64
56 72 98
56 73 20
56 74 38
56 75 4
56 76 23
56 77 88
56 78 45
56 79 22
56 80 57
56 81 16
56 82 32
56 83 63
56 84 25
56 85 89
56 86 23
56 87 56
56 88 53
56 89 90
56 90 93
56 91 29
56 92 25
56 93 92
56 94 6
56 95 12
56 96 84
56 97 24
56 98 94
56 99 25
57 0 93
57 1 11
57 2 40
57 3 91
57 4 82
57 5 77
57 6 46
57 7 5
57 8 65
57 9 42
57 10 78
57 11 73
57 12 57
57 13 9
57 14 36
57 15 81
57 16 49
57 17 58
57 18 88
57 19 1
57 20 99
57 21 80
57 22 81
57 23 76
57 24 72
57 25 38
57 26 87
57 27 7
57 28 13
57 29 32
57 30 32
57 31 58
57 32 42
57 33 71
57 34 48
57 35 24
57 36 48
57 37 93
57 38 80
57 39 64
57 40 86
57 41 57
57 42 36
57 43 42
57 44 17
57 45 23
57 46 75
57 47 65
57 48 33
57 49 14
57 50 17
57 51 31
57 52 46
57 53 49
57 54 6
57 55 69
57 56 38
57 58 45
57 59 75
57 60 51
57 61 28
57 62 6
57 63 8
57 64 70
57 65 29
57 66 7
57 67 45
57 68 76
57 69 51
57 70 76
57 71 91
57 72 36
57 73 84
57 74 78
57 75 29
57 76 52
57 77 1
57 78 55
57 79 16
57 80 33
57 81 69
57 82 84
57 83 15
57 84 14
57 85 84
57 86 73
57 87 82
57 88 21
57 89 69
57 90 56
57 91 23
57 92 96
57 93 14
57 94 82
57 95 17
57 96 42
57 97 88
57 98 13
57 99 69
58 0 90
58 1 40
58 2 59
58 3 25
58 4 23
58 5 36
58 6 6
58 7 74
58 8 88
58 9 60
58 10 41
58 11 72
58 12 80
58 13 76
58 14 39
58 15 93
58 16 59
58 17 63
58 18 26
58 19 80
58 20 31
58 21 34
58 22 2
58 23 78
58 24 47
58 25 84
58 26 47
58 27 40
58 28 23
58 29 11
58 30 60
58 31 13
58 32 51
58 33 70
58 34 89
58 35 25
58 36 57
58 37 94
58 38 51
58 39 45
58 40 6
58 41 91
58 42 16
58 43 85
58 44 67
58 45 54
58 46 78
58 47 25
58 48 68
58 49 55
58 50 56
58 51 98
58 52 88
58 53 58
58 54 28
58 55 86
58 56 93
58 57 26
58 59 25
58 60 15
58 61 36
58 62 84
58 63 27
58 64 38
58 65 5
58 66 68
58 67 63
58 68 62
58 69 61
58 70 13
58 71 6
58 72 66
58 73 3
58 74 73
58 75 51
58 76 21
58 77 79
58 78 80
58 79 98
58 80 46
58 81 34
58 82 53
58 83 96
58 84 74
58 85 62
58 86 23
58 87 59
58 88 54
58 89 100
58 90 36
58 91 21
58 92 35
58 93 71
58 94 99
58 95 73
58 96 76
58 97 66
58 98 35
58 99 37
59 0 79
59 1 99
59 2 42
59 3 96
59 4 53
59 5 66
59 6 46
59 7 74
59 8 44
59 9 77
59 10 23
59 11 42
59 12 63
59 13 75
59 14 37
59 15 36
59 16 89
59 17 11
59 18 46
59 19 42
59 20 10
59 21 81
59 22 14
59 23 44
59 24 52
59 25 13
59 26 68
59 27 27
59 28 78
59 29 54
59 30 15
59 31 8
59 32 52
59 33 8
59 34 4
59 35 5
59 36 73
59 37 49
59 38 30
59 39 69
59 40 78
59 41 52
59 42 10
59 43 40
59 44 78
59 45 46
59 46 27
59 47 66
59 48 56
59 49 72
59 50 60
59 51 17
59 52 53
59 53 73
59 54 60
59 55 56
59 56 85
59 57 80
59 58 82
59 60 15
59 61 33
59 62 48
59 63 22
59 64 37
59 65 55
59 66 25
59 67 41
59 68 27
59 69 26
59 70 22
59 71 95
59 72 55
59 73 25
59 74 4
59 75 94
59 76 2
59 77 1
59 78 72
59 79 68
59 80 8
59 81 43
59 82 27
59 83 24
59 84 47
59 85 99
59 86 36
59 87 2
59 88 36
59 89 15
59 90 35
59 91 50
59 92 47
59 93 82
59 94 23
59 95 83
59 96 36
59 97 48
59 98 75
59 99 15
60 0 25
60 1 48
60 2 9
60 3 79
60 4 72
60 5 65
60 6 24
60 7 74
60 8 17
60 9 95
60 10 93
60 11 25
60 12 89
60 13 19
60 14 48
60 15 36
60 16 69
60 17 83
60 18 89
60 19 56
60 20 97
60 21 24
60 22 5
60 23 96
60 24 57
60 25 80
60 26 30
60 27 45
60 28 79
60 29 57
60 30 59
60 31 3
60 32 4
60 33 19
60 34 81
60 35 76
60 36 35
60 37 56
60 38 1
60 39 52
60 40 50
60 41 93
60 42 76
60 43 90
60 44 63
60 45 75
60 46 25
60 47 31
60 48 10
60 49 66
60 50 39
60 51 58
60 52 41
60 53 43
60 54 53
60 55 97
60 56 74
60 57 35
60 58 41
60 59 52
60 61 91
60 62 51
60 63 54
60 64 46
60 65 70
60 66 86
60 67 21
60 68 4
60 69 41
60 70 73
60 71 7
60 72 42
60 73 65
60 74 82
60 75 32
60 76 27
60 77 9
60 78 8
60 79 10
60 80 18
60 81 73
60 82 48
60 83 75
60 84 13
60 85 42
60 86 80
60 87 62
60 88 16
60 89 14
60 90 54
60 91 67
60 92 56
60 93 57
60 94 73
60 95 1
60 96 26
60 97 58
60 98 74
60 99 81
61 0 51
61 1 46
61 2 88
61 3 44
61 4 63
61 5 21
61 6 27
61 7 89
61 8 29
61 9 35
61 10 98
61 11 46
61 12 59
61 13 97
61 14 73
61 15 24
61 16 39
61 17 52
61 18 37
61 19 54
61 20 65
61 21 90
61 22 72
61 23 72
61 24 98
61 25 44
61 26 24
61 27 75
61 28 54
61 29 97
61 30 56
61 31 56
61 32 95
61 33 95
61 34 99
61 35 57
61 36 67
61 37 26
61 38 45
61 39 48
61 40 12
61 41 95
61 42 45
61 43 70
61 44 43
61 45 17
61 46 45
61 47 81
61 48 68
61 49 81
61 50 86
61 51 84
61 52 23
61 53 10
61 54 7
61 55 20
61 56 53
61 57 31
61 58 95
61 59 58
61 60 27
61 62 2
61 63 13
61 64 73
61 65 96
61 66 64
61 67 29
61 68 14
61 69 41
61 70 26
61 71 61
61 72 52
61 73 72
61 74 6
61 75 73
61 76 14
61 77 22
61 78 18
61 79 95
61 80 42
61 81 98
61 82 32
61 83 77
61 84 72
61 85 41
61 86 84
61 87 92
61 88 46
61 89 14
61 90 86
61 91 3
61 92 92
61 93 87
61 94 68
61 95 65
61 96 34
61 97 83
61 98 45
61 99 47
62 0 23
62 1 22
62 2 60
62 3 26
62 4 93
62 5 65
62 6 98
62 7 59
62 8 38
62 9 67
62 10 5
62 11 31
62 12 17
62 13 36
62 14 8
62 15 88
62 16 77
62 17 43
62 18 79
62 19 74
62 20 56
62 21 16
62 22 28
62 23 99
62 24 2
62 25 47
62 26 15
62 27 87
62 28 29
62 29 60
62 30 86
62 31 3
62 32 81
62 33 45
62 34 28
62 35 26
62 36 61
62 37 78
62 38 84
62 39 50
62 40 44
62 41 88
62 42 81
62 43 60
62 44 23
62 45 40
62 46 48
62 47 51
62 48 82
62 49 78
62 50 76
62 51 89
62 52 94
62 53 4
62 54 87
62 55 47
62 56 50
62 57 2
62 58 34
62 59 79
62 60 13
62 61 19
62 63 33
62 64 93
62 65 15
62 66 61
62 67 70
62 68 75
62 69 90
62 70 53
62 71 24
62 72 33
62 73 40
62 74 56
62 75 45
62 76 15
62 77 95
62 78 44
62 79 17
62 80 28
62 81 21
62 82 93
62 83 16
62 84 66
62 85 48
62 86 55
62 87 13
62 88 97
62 89 8
62 90 98
62 91 27
62 92 20
62 93 16
62 94 60
62 95 64
62 96 30
62 97 72
62 98 34
62 99 56
63 0 13
63 1 86
63 2 79
63 3 97
63 4 78
63 5 35
63 6 41
63 7 44
63 8 81
63 9 36
63 10 12
63 11 9
63 12 9
63 13 56
63 14 76
63 15 74
63 16 3
63 17 30
63 18 38
63 19 52
63 20 37
63 21 35
63 22 30
63 23 8
63 24 2
63 25 89
63 26 72
63 27 83
63 28 12
63 29 5
63 30 38
63 31 24
63 32 42
63 33 17
63 34 73
63 35 71
63 36 3
63 37 13
63 38 14
63 39 35
63 40 1
63 41 78
63 42 43
63 43 9
63 44 33
63 45 19
63 46 34
63 47 88
63 48 100
63 49 72
63 50 39
63 51 89
63 52 58
63 53 68
63 54 96
63 55 60
63 56 9
63 57 19
63 58 42
63 59 72
63 60 23
63 61 80
63 62 48
63 64 17
63 65 48
63 66 20
63 67 87
63 68 2
63 69 84
63 70 53
63 71 36
63 72 84
63 73 82
63 74 79
63 75 44
63 76 14
63 77 49
63 78 78
63 79 53
63 80 100
63 81 1
63 82 43
63 83 88
63 84 58
63 85 63
63 86 36
63 87 69
63 88 23
63 89 54
63 90 63
63 91 94
63 92 29
63 93 42
63 94 93
63 95 45
63 96 41
63 97 64
63 98 83
63 99 42
64 0 100
64 1 87
64 2 77
64 3 35
64 4 68
64 5 7
64 6 79
64 7 82
64 8 7
64 9 8
64 10 86
64 11 59
64 12 60
64 13 29
64 14 98
64 15 69
64 16 91
64 17 33
64 18 38
64 19 13
64 20 39
64 21 100
64 22 58
64 23 67
64 24 93
64 25 3
64 26 63
64 27 85
64 28 18
64 29 45
64 30 26
64 31 17
64 32 32
64 33 54
64 34 52
64 35 99
64 36 13
64 37 82
64 38 32
64 39 71
64 40 41
64 41 70
64 42 29
64 43 100
64 44 98
64 45 27
64 46 68
64 47 40
64 48 59
64 49 57
64 50 4
64 51 49
64 52 8
64 53 13
64 54 15
64 55 100
64 56 15
64 57 29
64 58 36
64 59 33
64 60 74
64 61 61
64 62 49
64 63 57
64 65 67
64 66 52
64 67 7
64 68 31
64 69 85
64 70 91
64 71 1
64 72 25
64 73 60
64 74 30
64 75 76
64 76 9
64 77 56
64 78 44
64 79 48
64 80 66
64 81 52
64 82 51
64 83 15
64 84 60
64 85 63
64 86 81
64 87 11
64 88 30
64 89 10
64 90 47
64 91 62
64 92 35
64 93 59
64 94 62
64 95 91
64 96 25
64 97 66
64 98 49
64 99 55
65 0 50
65 1 39
65 2 8
65 3 27
65 4 98
65 5 37
65 6 2
65 7 58
65 8 44
65 9 45
65 10 5
65 11 9
65 12 49
65 13 7
65 14 75
65 15 8
65 16 70
65 17 8
65 18 18
65 19 99
65 20 17
65 21 16
65 22 12
65 23 3
65 24 75
65 25 25
65 26 45
65 27 51
65 28 90
65 29 93
65 30 58
65 31 92
65 32 84
65 33 65
65 34 18
65 35 33
65 36 53
65 37 19
65 38 91
65 39 96
65 40 16
65 41 95
65 42 4
65 43 16
65 44 2
65 45 31
65 46 23
65 47 23
65 48 38
65 49 92
65 50 21
65 51 6
65 52 60
65 53 84
65 54 60
65 55 34
65 56 8
65 57 4
65 58 36
65 59 50
65 60 48
65 61 93
65 62 93
65 63 31
65 64 9
65 66 10
65 67 64
65 68 61
65 69 80
65 70 54
65 71 56
65 72 47
65 73 48
65 74 12
65 75 62
65 76 1
65 77 94
65 78 36
65 79 23
65 80 83
65 81 80
65 82 95
65 83 88
65 84 39
65 85 30
65 86 99
65 87 24
65 88 90
65 89 2
65 90 59
65 91 39
65 92 49
65 93 4
65 94 31
65 95 80
65 96 12
65 97 92
65 98 95
65 99 25
66 0 23
66 1 48
66 2 32
66 3 22
66 4 47
66 5 43
66 6 35
66 7 100
66 8 88
66 9 71
66 10 22
66 11 70
66 12 2
66 13 69
66 14 9
66 15 40
66 16 98
66 17 7
66 18 63
66 19 87
66 20 8
66 21 73
66 22 77
66 23 9
66 24 76
66 25 59
66 26 40
66 27 40
66 28 2
66 29 34
66 30 64
66 31 25
66 32 33
66 33 95
66 34 98
66 35 79
66 36 90
66 37 32
66 38 30
66 39 77
66 40 54
66 41 52
66 42 47
66 43 55
66 44 72
66 45 55
66 46 94
66 47 69
66 48 62
66 49 8
66 50 8
66 51 21
66 52 81
66 53 84
66 54 29
66 55 56
66 56 95
66 57 20
66 58 95
66 59 96
66 60 53
66 61 10
66 62 20
66 63 37
66 64 5
66 65 69
66 67 68
66 68 94
66 69 1
66 70 97
66 71 70
66 72 54
66 73 48
66 74 68
66 75 61
66 76 71
66 77 23
66 78 6
66 79 92
66 80 36
66 81 14
66 82 99
66 83 8
66 84 46
66 85 34
66 86 37
66 87 53
66 88 28
66 89 8
66 90 100
66 91 24
66 92 13
66 93 9
66 94 95
66 95 49
66 96 13
66 97 64
66 98 16
66 99 58
67 0 64
67 1 13
67 2 80
67 3 69
67 4 12
67 5 47
67 6 29
67 7 83
67 8 21
67 9 87
67 10 74
67 11 56
67 12 52
67 13 72
67 14 64
67 15 97
67 16 57
67 17 52
67 18 49
67 19 85
67 20 11
67 21 48
67 22 8
67 23 23
67 24 57
67 25 2
67 26 72
67 27 21
67 28 17
67 29 87
67 30 79
67 31 32
67 32 99
67 33 10
67 34 1
67 35 63
67 36 56
67 37 81
67 38 45
67 39 77
67 40 67
67 41 70
67 42 84
67 43 18
67 44 93
67 45 99
67 46 66
67 47 49
67 48 2
67 49 15
67 50 33
67 51 13
67 52 14
67 53 92
67 54 35
67 55 22
67 56 46
67 57 6
67 58 43
67 59 62
67 60 45
67 61 73
67 62 94
67 63 95
67 64 82
67 65 46
67 66 57
67 68 89
67 69 78
67 70 1
67 71 17
67 72 45
67 73 22
67 74 53
67 75 14
67 76 14
67 77 51
67 78 80
67 79 63
67 80 5
67 81 46
67 82 47
67 83 17
67 84 59
67 85 39
67 86 51
67 87 81
67 88 36
67 89 9
67 90 75
67 91 49
67 92 5
67 93 99
67 94 42
67 95 99
67 96 32
67 97 39
67 98 56
67 99 20
68 0 17
68 1 8
68 2 89
68 3 13
68 4 30
68 5 41
68 6 26
68 7 43
68 8 43
68 9 57
68 10 57
68 11 47
68 12 54
68 13 4
68 14 15
68 15 13
68 16 94
68 17 66
68 18 45
68 19 81
68 20 26
68 21 71
68 22 29
68 23 30
68 24 69
68 25 23
68 26 28
68 27 100
68 28 61
68 29 35
68 30 71
68 31 77
68 32 43
68 33 59
68 34 41
68 35 24
68 36 51
68 37 67
68 38 18
68 39 94
68 40 75
68 41 75
68 42 92
68 43 29
68 44 30
68 45 7
68 46 93
68 47 75
68 48 24
68 49 37
68 50 55
68 51 1
68 52 59
68 53 83
68 54 30
68 55 79
68 56 5
68 57 9
68 58 30
68 59 18
68 60 96
68 61 100
68 62 46
68 63 38
68 64 11
68 65 87
68 66 13
68 67 13
68 69 5
68 70 30
68 71 58
68 72 79
68 73 56
68 74 50
68 75 7
68 76 85
68 77 8
68 78 99
68 79 11
68 80 83
68 81 87
68 82 65
68 83 83
68 84 97
68 85 48
68 86 64
68 87 75
68 88 4
68 89 72
68 90 4
68 91 21
68 92 19
68 93 56
68 94 19
68 95 8
68 96 18
68 97 5
68 98 20
68 99 82
69 0 9
69 1 2
69 2 40
69 3 87
69 4 57
69 5 41
69 6 46
69 7 94
69 8 100
69 9 96
69 10 4
69 11 82
69 12 35
69 13 69
69 14 64
69 15 31
69 16 68
69 17 79
69 18 58
69 19 23
69 20 2
69 21 13
69 22 96
69 23 21
69 24 20
69 25 14
69 26 28
69 27 89
69 28 18
69 29 48
69 30 71
69 31 26
69 32 49
69 33 62
69 34 64
69 35 57
69 36 54
69 37 61
69 38 2
69 39 5
69 40 57
69 41 6
69 42 86
69 43 43
69 44 26
69 45 1
69 46 25
69 47 45
69 48 79
69 49 82
69 50 67
69 51 80
69 52 47
69 53 62
69 54 100
69 55 66
69 56 75
69 57 80
69 58 7
69 59 44
69 60 79
69 61 77
69 62 21
69 63 79
69 64 90
69 65 37
69 66 35
69 67 95
69 68 97
69 70 37
69 71 51
69 72 5
69 73 94
69 74 88
69 75 47
69 76 19
69 77 88
69 78 24
69 79 63
69 80 18
69 81 5
69 82 81
69 83 49
69 84 3
69 85 95
69 86 1
69 87 69
69 88 21
69 89 80
69 90 75
69 91 65
69 92 58
69 93 3
69 94 85
69 95 36
69 96 44
69 97 73
69 98 22
69 99 90
70 0 70
70 1 10
70 2 40
70 3 74
70 4 3
70 5 27
70 6 73
70 7 73
70 8 66
70 9 96
70 10 87
70 11 35
70 12 52
70 13 68
70 14 83
70 15 55
70 16 62
70 17 35
70 18 75
70 19 82
70 20 66
70 21 1
70 22 98
70 23 23
70 24 55
70 25 83
70 26 10
70 27 50
70 28 55
70 29 84
70 30 39
70 31 76
70 32 93
70 33 30
70 34 2
70 35 96
70 36 8
70 37 26
70 38 68
70 39 73
70 40 73
70 41 55
70 42 59
70 43 24
70 44 74
70 45 41
70 46 30
70 47 35
70 48 28
70 49 56
70 50 68
70 51 93
70 52 56
70 53 66
70 54 68
70 55 62
70 56 100
70 57 29
70 58 11
70 59 6
70 60 12
70 61 1
70 62 82
70 63 5
70 64 30
70 65 35
70 66 52
70 67 89
70 68 60
70 69 19
70 71 61
70 72 32
70 73 25
70 74 19
70 75 7
70 76 98
70 77 12
70 78 37
70 79 84
70 80 91
70 81 92
70 82 52
70 83 83
70 84 100
70 85 69
70 86 2
70 87 61
70 88 68
70 89 31
70 90 24
70 91 73
70 92 42
70 93 24
70 94 6
70 95 98
70 96 6
70 97 40
70 98 49
70 99 46
71 0 99
71 1 20
71 2 59
71 3 82
71 4 96
71 5 77
71 6 89
71 7 94
71 8 40
71 9 77
71 10 29
71 11 30
71 12 20
71 13 32
71 14 65
71 15 19
71 16 100
71 17 66
71 18 32
71 19 67
71 20 96
71 21 7
71 22 92
71 23 90
71 24 82
71 25 97
71 26 87
71 27 39
71 28 89
71 29 88
71 30 85
71 31 39
71 32 59
71 33 43
71 34 21
71 35 54
71 36 71
71 37 61
71 38 99
71 39 63
71 40 37
71 41 28
71 42 92
71 43 56
71 44 59
71 45 8
71 46 27
71 47 11
71 48 74
71 49 10
71 50 77
71 51 21
71 52 16
71 53 20
71 54 10
71 55 49
71 56 17
71 57 49
71 58 88
71 59 57
71 60 88
71 61 72
71 62 95
71 63 46
71 64 66
71 65 15
71 66 51
71 67 36
71 68 27
71 69 50
71 70 98
71 72 63
71 73 29
71 74 42
71 75 71
71 76 39
71 77 49
71 78 49
71 79 49
71 80 74
71 81 58
71 82 26
71 83 95
71 84 25
71 85 97
71 86 56
71 87 73
71 88 65
71 89 56
71 90 12
71 91 21
71 92 43
71 93 83
71 94 16
71 95 40
71 96 48
71 97 82
71 98 91
71 99 36
72 0 9
72 1 92
72 2 33
72 3 23
72 4 20
72 5 26
72 6 93
72 7 58
72 8 75
72 9 93
72 10 7
72 11 48
72 12 50
72 13 84
72 14 94
72 15 26
72 16 80
72 17 50
72 18 51
72 19 45
72 20 5
72 21 62
72 22 17
72 23 100
72 24 97
72 25 84
72 26 39
72 27 96
72 28 66
72 29 81
72 30 31
72 31 26
72 32 72
72 33 16
72 34 100
72 35 91
72 36 41
72 37 45
72 38 1
72 39 15
72 40 37
72 41 7
72 42 15
72 43 87
72 44 42
72 45 8
72 46 64
72 47 21
72 48 9
72 49 14
72 50 17
72 51 66
72 52 76
72 53 86
72 54 65
72 55 24
72 56 69
72 57 55
72 58 19
72 59 86
72 60 88
72 61 50
72 62 11
72 63 59
72 64 65
72 65 11
72 66 2
72 67 57
72 68 55
72 69 54
72 70 24
72 71 91
72 73 12
72 74 38
72 75 29
72 76 53
72 77 97
72 78 93
72 79 25
72 80 6
72 81 58
72 82 94
72 83 71
72 84 85
72 85 79
72 86 87
72 87 8
72 88 47
72 89 93
72 90 27
72 91 33
72 92 80
72 93 28
72 94 95
72 95 91
72 96 44
72 97 57
72 98 44
72 99 100
73 0 11
73 1 97
73 2 23
73 3 54
73 4 8
73 5 60
73 6 34
73 7 12
73 8 9
73 9 78
73 10 36
73 11 14
73 12 88
73 13 29
73 14 36
73 15 72
73 16 59
73 17 22
73 18 80
73 19 6
73 20 14
73 21 6
73 22 90
73 23 46
73 24 33
73 25 84
73 26 36
73 27 28
73 28 41
73 29 31
73 30 27
73 31 3
73 32 27
73 33 50
73 34 8
73 35 86
73 36 61
73 37 94
73 38 97
73 39 69
73 40 71
73 41 84
73 42 34
73 43 58
73 44 65
73 45 69
73 46 82
73 47 23
73 48 42
73 49 61
73 50 80
73 51 8
73 52 18
73 53 21
73 54 53
73 55 2
73 56 57
73 57 40
73 58 29
73 59 97
73 60 70
73 61 55
73 62 51
73 63 96
73 64 56
73 65 11
73 66 33
73 67 69
73 68 4
73 69 29
73 70 37
73 71 26
73 72 64
73 74 23
73 75 36
73 76 28
73 77 91
73 78 17
73 79 3
73 80 33
73 81 29
73 82 34
73 83 40
73 84 98
73 85 55
73 86 44
73 87 99
73 88 11
73 89 83
73 90 27
73 91 59
73 92 52
73 93 33
73 94 61
73 95 99
73 96 41
73 97 71
73 98 31
73 99 9
74 0 26
74 1 11
74 2 45
74 3 4
74 4 74
74 5 19
74 6 39
74 7 54
74 8 10
74 9 7
74 10 8
74 11 94
74 12 87
74 13 41
74 14 85
74 15 84
74 16 95
74 17 28
74 18 82
74 19 57
74 20 10
74 21 60
74 22 15
74 23 13
74 24 44
74 25 76
74 26 11
74 27 84
74 28 98
74 29 93
74 30 92
74 31 24
74 32 55
74 33 89
74 34 27
74 35 80
74 36 7
74 37 17
74 38 33
74 39 16
74 40 23
74 41 40
74 42 61
74 43 61
74 44 33
74 45 45
74 46 44
74 47 27
74 48 24
74 49 77
74 50 36
74 51 85
74 52 88
74 53 50
74 54 97
74 55 31
74 56 77
74 57 59
74 58 15
74 59 75
74 60 51
74 61 6
74 62 98
74 63 5
74 64 94
74 65 24
74 66 85
74 67 1
74 68 92
74 69 69
74 70 68
74 71 66
74 72 61
74 73 81
74 75 26
74 76 93
74 77 25
74 78 21
74 79 71
74 80 49
74 81 97
74 82 6
74 83 85
74 84 36
74 85 8
74 86 82
74 87 66
74 88 84
74 89 92
74 90 80
74 91 58
74 92 95
74 93 38
74 94 55
74 95 51
74 96 83
74 97 30
74 98 87
74 99 35
75 0 21
75 1 56
75 2 3
75 3 86
75 4 68
75 5 35
75 6 63
75 7 60
75 8 59
75 9 83
75 10 82
75 11 59
75 12 31
75 13 40
75 14 44
75 15 66
75 16 47
75 17 77
75 18 32
75 19 30
75 20 68
75 21 63
75 22 88
75 23 62
75 24 100
75 25 94
75 26 65
75 27 83
75 28 76
75 29 51
75 30 69
75 31 48
75 32 58
75 33 23
75 34 86
75 35 25
75 36 57
75 37 48
75 38 36
75 39 16
75 40 83
75 41 18
75 42 26
75 43 13
75 44 9
75 45 21
75 46 79
75 47 55
75 48 97
75 49 62
75 50 84
75 51 17
75 52 76
75 53 23
75 54 30
75 55 76
75 56 69
75 57 94
75 58 10
75 59 96
75 60 45
75 61 30
75 62 43
75 63 54
75 64 53
75 65 28
75 66 79
75 67 9
75 68 28
75 69 14
75 70 24
75 71 10
75 72 83
75 73 2
75 74 74
75 76 91
75 77 22
75 78 52
75 79 97
75 80 71
75 81 65
75 82 81
75 83 87
75 84 41
75 85 55
75 86 68
75 87 68
75 88 75
75 89 62
75 90 29
75 91 70
75 92 58
75 93 58
75 94 65
75 95 11
75 96 10
75 97 44
75 98 41
75 99 19
76 0 71
76 1 7
76 2 94
76 3 32
76 4 41
76 5 95
76 6 6
76 7 84
76 8 69
76 9 9
76 10 80
76 11 39
76 12 74
76 13 12
76 14 77
76 15 66
76 16 67
76 17 44
76 18 33
76 19 93
76 20 57
76 21 13
76 22 63
76 23 66
76 24 70
76 25 79
76 26 29
76 27 32
76 28 22
76 29 69
76 30 2
76 31 93
76 32 75
76 33 95
76 34 76
76 35 68
76 36 42
76 37 81
76 38 51
76 39 62
76 40 90
76 41 30
76 42 100
76 43 63
76 44 42
76 45 28
76 46 80
76 47 60
76 48 23
76 49 64
76 50 4
76 51 80
76 52 76
76 53 18
76 54 45
76 55 97
76 56 96
76 57 25
76 58 28
76 59 18
76 60 94
76 61 29
76 62 62
76 63 20
76 64 76
76 65 37
76 66 87
76 67 69
76 68 18
76 69 37
76 70 30
76 71 59
76 72 19
76 73 81
76 74 21
76 75 12
76 77 8
76 78 52
76 79 71
76 80 30
76 81 15
76 82 74
76 83 61
76 84 90
76 85 44
76 86 58
76 87 86
76 88 39
76 89 82
76 90 66
76 91 56
76 92 75
76 93 46
76 94 69
76 95 47
76 96 21
76 97 58
76 98 85
76 99 89
77 0 75
77 1 22
77 2 70
77 3 33
77 4 92
77 5 50
77 6 5
77 7 3
77 8 9
77 9 8
77 10 25
77 11 91
77 12 22
77 13 50
77 14 51
77 15 11
77 16 93
77 17 60
77 18 48
77 19 32
77 20 42
77 21 65
77 22 39
77 23 68
77 24 11
77 25 60
77 26 14
77 27 31
77 28 17
77 29 99
77 30 72
77 31 43
77 32 72
77 33 41
77 34 27
77 35 15
77 36 43
77 37 31
77 38 17
77 39 3
77 40 38
77 41 41
77 42 93
77 43 11
77 44 42
77 45 96
77 46 73
77 47 35
77 48 7
77 49 20
77 50 18
77 51 48
77 52 85
77 53 56
77 54 68
77 55 95
77 56 15
77 57 33
77 58 77
77 59 83
77 60 83
77 61 100
77 62 25
77 63 6
77 64 93
77 65 51
77 66 20
77 67 35
77 68 33
77 69 36
77 70 89
77 71 22
77 72 28
77 73 34
77 74 32
77 75 22
77 76 81
77 78 4
77 79 56
77 80 87
77 81 76
77 82 25
77 83 87
77 84 60
77 85 80
77 86 54
77 87 6
77 88 47
77 89 86
77 90 34
77 91 29
77 92 69
77 93 34
77 94 54
77 95 74
77 96 26
77 97 56
77 98 46
77 99 12
78 0 89
78 1 33
78 2 100
78 3 10
78 4 13
78 5 33
78 6 42
78 7 34
78 8 13
78 9 45
78 10 89
78 11 52
78 12 72
78 13 13
78 14 38
78 15 31
78 16 44
78 17 91
78 18 88
78 19 42
78 20 28
78 21 22
78 22 23
78 23 96
78 24 7
78 25 28
78 26 22
78 27 32
78 28 83
78 29 67
78 30 43
78 31 71
78 32 99
78 33 94
78 34 81
78 35 11
78 36 79
78 37 74
78 38 96
78 39 43
78 40 70
78 41 36
78 42 94
78 43 42
78 44 100
78 45 31
78 46 24
78 47 44
78 48 73
78 49 12
78 50 37
78 51 1
78 52 85
78 53 59
78 54 48
78 55 91
78 56 38
78 57 21
78 58 74
78 59 21
78 60 87
78 61 68
78 62 43
78 63 38
78 64 61
78 65 23
78 66 100
78 67 39
78 68 48
78 69 96
78 70 34
78 71 18
78 72 83
78 73 27
78 74 11
78 75 83
78 76 10
78 77 34
78 79 26
78 80 82
78 81 97
78 82 14
78 83 34
78 84 81
78 85 25
78 86 82
78 87 23
78 88 62
78 89 2
78 90 96
78 91 82
78 92 41
78 93 63
78 94 25
78 95 30
78 96 76
78 97 99
78 98 81
78 99 66
79 0 47
79 1 28
79 2 99
79 3 16
79 4 11
79 5 78
79 6 26
79 7 93
79 8 87
79 9 11
79 10 70
79 11 20
79 12 8
79 13 83
79 14 54
79 15 40
79 16 7
79 17 87
79 18 63
79 19 69
79 20 40
79 21 58
79 22 2
79 23 80
79 24 73
79 25 26
79 26 61
79 27 48
79 28 77
79 29 42
79 30 13
79 31 75
79 32 69
79 33 12
79 34 42
79 35 31
79 36 89
79 37 19
79 38 23
79 39 27
79 40 29
79 41 92
79 42 46
79 43 88
79 44 27
79 45 51
79 46 28
79 47 85
79 48 37
79 49 90
79 50 5
79 51 77
79 52 99
79 53 7
79 54 8
79 55 71
79 56 84
79 57 69
79 58 18
79 59 60
79 60 10
79 61 31
79 62 86
79 63 30
79 64 94
79 65 27
79 66 61
79 67 82
79 68 45
79 69 83
79 70 8
79 71 74
79 72 27
79 73 5
79 74 61
79 75 5
79 76 56
79 77 40
79 78 41
79 80 92
79 81 29
79 82 46
79 83 20
79 84 80
79 85 4
79 86 28
79 87 50
79 88 87
79 89 48
79 90 68
79 91 99
79 92 9
79 93 50
79 94 84
79 95 38
79 96 43
79 97 11
79 98 50
79 99 76
80 0 7
80 1 85
80 2 35
80 3 80
80 4 11
80 5 39
80 6 93
80 7 67
80 8 94
80 9 32
80 10 7
80 11 38
80 12 13
80 13 4
80 14 9
80 15 92
80 16 7
80 17 88
80 18 41
80 19 46
80 20 35
80 21 60
80 22 44
80 23 43
80 24 61
80 25 79
80 26 33
80 27 55
80 28 41
80 29 82
80 30 82
80 31 48
80 32 66
80 33 16
80 34 79
80 35 28
80 36 55
80 37 23
80 38 94
80 39 100
80 40 55
80 41 53
80 42 89
80 43 19
80 44 56
80 45 98
80 46 62
80 47 15
80 48 85
80 49 2
80 50 60
80 51 72
80 52 14
80 53 3
80 54 14
80 55 26
80 56 81
80 57 98
80 58 33
80 59 22
80 60 80
80 61 14
80 62 21
80 63 45
80 64 30
80 65 99
80 66 73
80 67 84
80 68 22
80 69 18
80 70 35
80 71 28
80 72 70
80 73 24
80 74 98
80 75 78
80 76 73
80 77 59
80 78 92
80 79 9
80 81 12
80 82 51
80 83 80
80 84 77
80 85 5
80 86 46
80 87 3
80 88 85
80 89 43
80 90 35
80 91 58
80 92 74
80 93 48
80 94 78
80 95 19
80 96 77
80 97 29
80 98 43
80 99 12
81 0 2
81 1 60
81 2 99
81 3 81
81 4 82
81 5 74
81 6 78
81 7 59
81 8 46
81 9 36
81 10 2
81 11 6
81 12 47
81 13 52
81 14 86
81 15 24
81 16 56
81 17 83
81 18 78
81 19 92
81 20 77
81 21 64
81 22 2
81 23 51
81 24 11
81 25 31
81 26 69
81 27 40
81 28 59
81 29 11
81 30 3
81 31 12
81 32 22
81 33 1
81 34 92
81 35 3
81 36 26
81 37 69
81 38 13
81 39 71
81 40 56
81 41 14
81 42 77
81 43 55
81 44 65
81 45 14
81 46 78
81 47 72
81 48 48
81 49 7
81 50 64
81 51 24
81 52 70
81 53 65
81 54 74
81 55 32
81 56 95
81 57 94
81 58 71
81 59 6
81 60 56
81 61 26
81 62 17
81 63 78
81 64 26
81 65 9
81 66 32
81 67 52
81 68 29
81 69 45
81 70 74
81 71 85
81 72 10
81 73 2
81 74 39
81 75 27
81 76 67
81 77 68
81 78 98
81 79 14
81 80 74
81 82 13
81 83 38
81 84 95
81 85 77
81 86 63
81 87 26
81 88 24
81 89 57
81 90 97
81 91 29
81 92 64
81 93 22
81 94 97
81 95 93
81 96 99
81 97 5
81 98 77
81 99 2
82 0 86
82 1 73
82 2 28
82 3 70
82 4 82
82 5 29
82 6 8
82 7 8
82 8 96
82 9 27
82 10 6
82 11 61
82 12 100
82 13 18
82 14 98
82 15 94
82 16 47
82 17 13
82 18 19
82 19 22
82 20 21
82 21 67
82 22 50
82 23 84
82 24 40
82 25 98
82 26 29
82 27 39
82 28 3
82 29 5
82 30 92
82 31 88
82 32 77
82 33 19
82 34 9
82 35 58
82 36 48
82 37 68
82 38 18
82 39 95
82 40 94
82 41 75
82 42 55
82 43 45
82 44 92
82 45 5
82 46 90
82 47 90
82 48 17
82 49 60
82 50 11
82 51 37
82 52 27
82 53 12
82 54 72
82 55 66
82 56 10
82 57 100
82 58 56
82 59 64
82 60 56
82 61 48
82 62 3
82 63 32
82 64 66
82 65 11
82 66 42
82 67 65
82 68 30
82 69 11
82 70 11
82 71 23
82 72 85
82 73 66
82 74 19
82 75 76
82 76 22
82 77 8
82 78 18
82 79 90
82 80 67
82 81 28
82 83 26
82 84 45
82 85 92
82 86 49
82 87 63
82 88 1
82 89 1
82 90 18
82 91 64
82 92 56
82 93 17
82 94 18
82 95 40
82 96 35
82 97 28
82 98 33
82 99 51
83 0 57
83 1 43
83 2 62
83 3 31
83 4 27
83 5 79
83 6 49
83 7 54
83 8 100
83 9 8
83 10 71
83 11 89
83 12 74
83 13 51
83 14 66
83 15 71
83 16 42
83 17 14
83 18 33
83 19 94
83 20 66
83 21 2
83 22 9
83 23 74
83 24 71
83 25 26
83 26 65
83 27 5
83 28 53
83 29 97
83 30 55
83 31 61
83 32 91
83 33 68
83 34 43
83 35 17
83 36 46
83 37 91
83 38 22
83 39 45
83 40 50
83 41 45
83 42 85
83 43 23
83 44 95
83 45 50
83 46 45
83 47 88
83 48 16
83 49 77
83 50 33
83 51 81
83 52 31
83 53 41
83 54 6
83 55 1
83 56 66
83 57 70
83 58 57
83 59 70
83 60 66
83 61 63
83 62 82
83 63 56
83 64 31
83 65 24
83 66 24
83 67 76
83 68 66
83 69 46
83 70 21
83 71 15
83 72 90
83 73 57
83 74 89
83 75 36
83 76 7
83 77 34
83 78 75
83 79 74
83 80 62
83 81 7
83 82 6
83 84 92
83 85 47
83 86 12
83 87 44
83 88 12
83 89 81
83 90 100
83 91 33
83 92 99
83 93 63
83 94 14
83 95 6
83 96 93
83 97 37
83 98 30
83 99 68
84 0 2
84 1 27
84 2 40
84 3 16
84 4 68
84 5 97
84 6 4
84 7 3
84 8 55
84 9 89
84 10 77
84 11 28
84 12 51
84 13 83
84 14 33
84 15 42
84 16 81
84 17 44
84 18 86
84 19 92
84 20 77
84 21 37
84 22 24
84 23 27
84 24 99
84 25 37
84 26 32
84 27 43
84 28 25
84 29 13
84 30 63
84 31 26
84 32 91
84 33 2
84 34 93
84 35 58
84 36 50
84 37 48
84 38 12
84 39 4
84 40 37
84 41 88
84 42 83
84 43 87
84 44 22
84 45 68
84 46 80
84 47 2
84 48 11
84 49 17
84 50 45
84 51 39
84 52 54
84 53 20
84 54 65
84 55 4
84 56 8
84 57 49
84 58 47
84 59 32
84 60 61
84 61 9
84 62 9
84 63 52
84 64 62
84 65 1
84 66 61
84 67 12
84 68 49
84 69 73
84 70 67
84 71 37
84 72 12
84 73 2
84 74 75
84 75 86
84 76 69
84 77 54
84 78 87
84 79 31
84 80 23
84 81 84
84 82 70
84 83 76
84 85 3
84 86 86
84 87 31
84 88 63
84 89 34
84 90 77
84 91 94
84 92 47
84 93 37
84 94 3
84 95 50
84 96 99
84 97 55
84 98 10
84 99 62
85 0 55
85 1 34
85 2 80
85 3 91
85 4 46
85 5 33
85 6 65
85 7 31
85 8 1
85 9 71
85 10 69
85 11 32
85 12 93
85 13 4
85 14 53
85 15 20
85 16 7
85 17 90
85 18 50
85 19 69
85 20 76
85 21 27
85 22 14
85 23 22
85 24 15
85 25 16
85 26 23
85 27 65
85 28 23
85 29 84
85 30 26
85 31 77
85 32 18
85 33 58
85 34 68
85 35 15
85 36 90
85 37 84
85 38 97
85 39 43
85 40 54
85 41 17
85 42 74
85 43 46
85 44 21
85 45 78
85 46 65
85 47 79
85 48 67
85 49 15
85 50 99
85 51 42
85 52 93
85 53 12
85 54 15
85 55 59
85 56 80
85 57 37
85 58 24
85 59 2
85 60 73
85 61 1
85 62 30
85 63 42
85 64 58
85 65 97
85 66 56
85 67 100
85 68 81
85 69 4
85 70 42
85 71 86
85 72 72
85 73 67
85 74 32
85 75 92
85 76 44
85 77 48
85 78 22
85 79 62
85 80 14
85 81 72
85 82 4
85 83 58
85 84 84
85 86 70
85 87 17
85 88 15
85 89 59
85 90 40
85 91 68
85 92 31
85 93 40
85 94 97
85 95 72
85 96 50
85 97 46
85 98 79
85 99 49
86 0 78
86 1 82
86 2 42
86 3 63
86 4 5
86 5 8
86 6 46
86 7 49
86 8 51
86 9 46
86 10 70
86 11 12
86 12 11
86 13 42
86 14 67
86 15 69
86 16 77
86 17 37
86 18 37
86 19 43
86 20 95
86 21 28
86 22 62
86 23 77
86 24 19
86 25 10
86 26 48
86 27 68
86 28 7
86 29 26
86 30 68
86 31 84
86 32 59
86 33 9
86 34 99
86 35 63
86 36 16
86 37 96
86 38 63
86 39 18
86 40 93
86 41 33
86 42 30
86 43 4
86 44 26
86 45 48
86 46 24
86 47 54
86 48 36
86 49 60
86 50 48
86 51 30
86 52 87
86 53 9
86 54 58
86 55 5
86 56 70
86 57 5
86 58 25
86 59 77
86 60 82
86 61 44
86 62 12
86 63 92
86 64 53
86 65 62
86 66 7
86 67 20
86 68 58
86 69 69
86 70 90
86 71 2
86 72 53
86 73 71
86 74 5
86 75 30
86 76 18
86 77 28
86 78 83
86 79 54
86 80 39
86 81 82
86 82 35
86 83 77
86 84 90
86 85 93
86 87 34
86 88 12
86 89 49
86 90 58
86 91 88
86 92 31
86 93 1
86 94 99
86 95 74
86 96 5
86 97 61
86 98 80
86 99 77
87 0 70
87 1 1
87 2 66
87 3 71
87 4 53
87 5 36
87 6 28
87 7 83
87 8 5
87 9 7
87 10 17
87 11 58
87 12 98
87 13 99
87 14 93
87 15 74
87 16 40
87 17 37
87 18 7
87 19 51
87 20 85
87 21 16
87 22 90
87 23 67
87 24 69
87 25 41
87 26 41
87 27 25
87 28 53
87 29 72
87 30 1
87 31 22
87 32 72
87 33 18
87 34 44
87 35 25
87 36 53
87 37 23
87 38 59
87 39 58
87 40 30
87 41 27
87 42 67
87 43 27
87 44 25
87 45 11
87 46 52
87 47 17
87 48 47
87 49 59
87 50 67
87 51 84
87 52 74
87 53 9
87 54 2
87 55 42
87 56 49
87 57 94
87 58 67
87 59 1
87 60 66
87 61 19
87 62 74
87 63 89
87 64 37
87 65 17
87 66 65
87 67 41
87 68 92
87 69 23
87 70 50
87 71 73
87 72 50
87 73 69
87 74 99
87 75 26
87 76 79
87 77 2
87 78 42
87 79 78
87 80 60
87 81 61
87 82 13
87 83 86
87 84 69
87 85 66
87 86 79
87 88 69
87 89 60
87 90 97
87 91 69
87 92 77
87 93 16
87 94 42
87 95 65
87 96 4
87 97 10
87 98 30
87 99 96
88 0 1
88 1 4
88 2 98
88 3 73
88 4 5
88 5 66
88 6 23
88 7 31
88 8 96
88 9 77
88 10 24
88 11 25
88 12 36
88 13 84
88 14 37
88 15 73
88 16 4
88 17 3
88 18 52
88 19 72
88 20 14
88 21 48
88 22 40
88 23 90
88 24 15
88 25 33
88 26 6
88 27 70
88 28 43
88 29 35
88 30 66
88 31 95
88 32 91
88 33 63
88 34 20
88 35 95
88 36 80
88 37 94
88 38 25
88 39 75
88 40 70
88 41 49
88 42 100
88 43 58
88 44 84
88 45 88
88 46 30
88 47 88
88 48 42
88 49 81
88 50 11
88 51 55
88 52 81
88 53 51
88 54 44
88 55 47
88 56 35
88 57 50
88 58 17
88 59 77
88 60 36
88 61 82
88 62 24
88 63 26
88 64 96
88 65 95
88 66 73
88 67 27
88 68 40
88 69 49
88 70 53
88 71 10
88 72 49
88 73 4
88 74 19
88 75 33
88 76 92
88 77 48
88 78 72
88 79 33
88 80 81
88 81 82
88 82 88
88 83 13
88 84 84
88 85 83
88 86 59
88 87 19
88 89 84
88 90 75
88 91 47
88 92 20
88 93 8
88 94 70
88 95 97
88 96 55
88 97 16
88 98 69
88 99 81
89 0 56
89 1 70
89 2 34
89 3 17
89 4 18
89 5 37
89 6 35
89 7 2
89 8 80
89 9 34
89 10 25
89 11 13
89 12 14
89 13 7
89 14 52
89 15 78
89 16 42
89 17 34
89 18 37
89 19 60
89 20 18
89 21 11
89 22 59
89 23 89
89 24 71
89 25 80
89 26 37
89 27 25
89 28 96
89 29 6
89 30 6
89 31 51
89 32 27
89 33 91
89 34 67
89 35 44
89 36 79
89 37 53
89 38 98
89 39 59
89 40 86
89 41 22
89 42 23
89 43 100
89 44 28
89 45 74
89 46 29
89 47 22
89 48 59
89 49 65
89 50 81
89 51 76
89 52 28
89 53 91
89 54 16
89 55 98
89 56 71
89 57 53
89 58 22
89 59 66
89 60 10
89 61 79
89 62 68
89 63 36
89 64 21
89 65 34
89 66 31
89 67 100
89 68 86
89 69 28
89 70 10
89 71 23
89 72 50
89 73 32
89 74 74
89 75 29
89 76 57
89 77 3
89 78 50
89 79 15
89 80 67
89 81 83
89 82 43
89 83 94
89 84 73
89 85 10
89 86 43
89 87 43
89 88 62
89 90 17
89 91 60
89 92 71
89 93 95
89 94 27
89 95 58
89 96 68
89 97 12
89 98 89
89 99 19
90 0 49
90 1 68
90 2 28
90 3 72
90 4 17
90 5 11
90 6 45
90 7 98
90 8 19
90 9 47
90 10 99
90 11 33
90 12 66
90 13 81
90 14 27
90 15 59
90 16 6
90 17 37
90 18 54
90 19 100
90 20 98
90 21 70
90 22 60
90 23 21
90 24 16
90 25 38
90 26 30
90 27 83
90 28 50
90 29 70
90 30 53
90 31 98
90 32 38
90 33 32
90 34 69
90 35 6
90 36 42
90 37 66
90 38 3
90 39 60
90 40 12
90 41 54
90 42 45
90 43 77
90 44 86
90 45 23
90 46 88
90 47 91
90 48 59
90 49 41
90 50 43
90 51 9
90 52 62
90 53 2
90 54 81
90 55 77
90 56 39
90 57 10
90 58 12
90 59 40
90 60 80
90 61 64
90 62 38
90 63 17
90 64 96
90 65 58
90 66 74
90 67 37
90 68 23
90 69 77
90 70 49
90 71 87
90 72 82
90 73 45
90 74 15
90 75 67
90 76 67
90 77 54
90 78 10
90 79 26
90 80 46
90 81 52
90 82 86
90 83 7
90 84 5
90 85 66
90 86 36
90 87 43
90 88 75
90 89 47
90 91 35
90 92 54
90 93 10
90 94 72
90 95 22
90 96 5
90 97 81
90 98 96
90 99 94
91 0 56
91 1 24
91 2 42
91 3 94
91 4 5
91 5 38
91 6 8
91 7 71
91 8 4
91 9 14
91 10 32
91 11 81
91 12 11
91 13 83
91 14 66
91 15 18
91 16 87
91 17 83
91 18 53
91 19 82
91 20 58
91 21 51
91 22 16
91 23 63
91 24 60
91 25 39
91 26 37
91 27 65
91 28 19
91 29 84
91 30 58
91 31 26
91 32 7
91 33 51
91 34 19
91 35 63
91 36 40
91 37 79
91 38 85
91 39 95
91 40 44
91 41 17
91 42 76
91 43 54
91 44 99
91 45 93
91 46 71
91 47 86
91 48 76
91 49 75
91 50 19
91 51 85
91 52 25
91 53 34
91 54 99
91 55 37
91 56 24
91 57 35
91 58 1
91 59 94
91 60 18
91 61 10
91 62 20
91 63 76
91 64 12
91 65 90
91 66 38
91 67 3
91 68 68
91 69 75
91 70 97
91 71 11
91 72 91
91 73 72
91 74 65
91 75 41
91 76 17
91 77 87
91 78 78
91 79 44
91 80 14
91 81 96
91 82 28
91 83 90
91 84 81
91 85 26
91 86 26
91 87 4
91 88 13
91 89 78
91 90 98
91 92 30
91 93 87
91 94 17
91 95 6
91 96 50
91 97 6
91 98 95
91 99 52
92 0 26
92 1 69
92 2 1
92 3 36
92 4 59
92 5 72
92 6 52
92 7 52
92 8 40
92 9 91
92 10 29
92 11 83
92 12 4
92 13 25
92 14 62
92 15 93
92 16 5
92 17 88
92 18 19
92 19 9
92 20 52
92 21 96
92 22 6
92 23 81
92 24 35
92 25 74
92 26 38
92 27 36
92 28 31
92 29 85
92 30 40
92 31 56
92 32 53
92 33 40
92 34 44
92 35 64
92 36 63
92 37 47
92 38 15
92 39 3
92 40 37
92 41 43
92 42 37
92 43 40
92 44 19
92 45 99
92 46 85
92 47 24
92 48 38
92 49 55
92 50 84
92 51 89
92 52 50
92 53 41
92 54 21
92 55 36
92 56 14
92 57 11
92 58 24
92 59 96
92 60 95
92 61 63
92 62 4
92 63 47
92 64 2
92 65 99
92 66 62
92 67 16
92 68 45
92 69 76
92 70 18
92 71 82
92 72 71
92 73 7
92 74 73
92 75 89
92 76 5
92 77 57
92 78 64
92 79 94
92 80 63
92 81 47
92 82 34
92 83 13
92 84 87
92 85 54
92 86 100
92 87 52
92 88 64
92 89 23
92 90 100
92 91 58
92 93 37
92 94 3
92 95 57
92 96 90
92 97 1
92 98 18
92 99 6
93 0 45
93 1 46
93 2 23
93 3 78
93 4 68
93 5 81
93 6 3
93 7 8
93 8 37
93 9 11
93 10 72
93 11 30
93 12 74
93 13 70
93 14 63
93 15 38
93 16 9
93 17 69
93 18 89
93 19 12
93 20 84
93 21 12
93 22 11
93 23 94
93 24 100
93 25 13
93 26 50
93 27 90
93 28 65
93 29 19
93 30 95
93 31 62
93 32 16
93 33 69
93 34 39
93 35 35
93 36 50
93 37 93
93 38 43
93 39 86
93 40 4
93 41 66
93 42 68
93 43 77
93 44 35
93 45 82
93 46 66
93 47 43
93 48 50
93 49 54
93 50 55
93 51 34
93 52 17
93 53 17
93 54 27
93 55 17
93 56 30
93 57 28
93 58 6
93 59 46
93 60 98
93 61 52
93 62 7
93 63 14
93 64 20
93 65 46
93 66 48
93 67 21
93 68 38
93 69 42
93 70 7
93 71 93
93 72 7
93 73 26
93 74 21
93 75 94
93 76 7
93 77 86
93 78 88
93 79 57
93 80 40
93 81 94
93 82 42
93 83 8
93 84 11
93 85 20
93 86 24
93 87 92
93 88 99
93 89 81
93 90 37
93 91 96
93 92 84
93 94 44
93 95 9
93 96 4
93 97 89
93 98 9
93 99 76
94 0 78
94 1 50
94 2 34
94 3 23
94 4 9
94 5 59
94 6 43
94 7 2
94 8 66
94 9 29
94 10 89
94 11 74
94 12 20
94 13 83
94 14 15
94 15 79
94 16 93
94 17 86
94 18 55
94 19 84
94 20 84
94 21 87
94 22 20
94 23 79
94 24 71
94 25 15
94 26 40
94 27 26
94 28 55
94 29 100
94 30 1
94 31 33
94 32 49
94 33 35
94 34 7
94 35 9
94 36 93
94 37 49
94 38 10
94 39 58
94 40 29
94 41 99
94 42 83
94 43 100
94 44 33
94 45 49
94 46 79
94 47 25
94 48 34
94 49 85
94 50 60
94 51 17
94 52 71
94 53 31
94 54 48
94 55 41
94 56 46
94 57 39
94 58 66
94 59 100
94 60 38
94 61 19
94 62 84
94 63 38
94 64 53
94 65 90
94 66 47
94 67 97
94 68 39
94 69 56
94 70 7
94 71 19
94 72 6
94 73 89
94 74 19
94 75 38
94 76 38
94 77 49
94 78 14
94 79 71
94 80 33
94 81 73
94 82 40
94 83 3
94 84 4
94 85 39
94 86 96
94 87 49
94 88 77
94 89 13
94 90 100
94 91 14
94 92 31
94 93 84
94 95 3
94 96 35
94 97 73
94 98 49
94 99 32
95 0 63
95 1 57
95 2 90
95 3 82
95 4 62
95 5 78
95 6 52
95 7 52
95 8 67
95 9 100
95 10 65
95 11 90
95 12 84
95 13 90
95 14 81
95 15 38
95 16 93
95 17 19
95 18 33
95 19 93
95 20 95
95 21 46
95 22 92
95 23 60
95 24 28
95 25 27
95 26 62
95 27 63
95 28 100
95 29 63
95 30 94
95 31 62
95 32 19
95 33 35
95 34 95
95 35 32
95 36 12
95 37 46
95 38 83
95 39 79
95 40 97
95 41 100
95 42 20
95 43 80
95 44 89
95 45 100
95 46 18
95 47 81
95 48 18
95 49 2
95 50 25
95 51 64
95 52 47
95 53 68
95 54 75
95 55 75
95 56 95
95 57 88
95 58 37
95 59 46
95 60 50
95 61 82
95 62 59
95 63 68
95 64 16
95 65 54
95 66 52
95 67 79
95 68 99
95 69 34
95 70 9
95 71 48
95 72 33
95 73 28
95 74 27
95 75 21
95 76 79
95 77 96
95 78 53
95 79 96
95 80 98
95 81 77
95 82 11
95 83 96
95 84 97
95 85 85
95 86 70
95 87 91
95 88 73
95 89 58
95 90 88
95 91 74
95 92 91
95 93 46
95 94 94
95 96 58
95 97 99
95 98 45
95 99 37
96 0 50
96 1 78
96 2 97
96 3 97
96 4 63
96 5 77
96 6 75
96 7 83
96 8 55
96 9 23
96 10 88
96 11 3
96 12 20
96 13 16
96 14 13
96 15 15
96 16 12
96 17 50
96 18 37
96 19 54
96 20 74
96 21 46
96 22 41
96 23 47
96 24 89
96 25 87
96 26 40
96 27 46
96 28 37
96 29 84
96 30 34
96 31 38
96 32 14
96 33 83
96 34 34
96 35 76
96 36 59
96 37 61
96 38 10
96 39 13
96 40 83
96 41 97
96 42 67
96 43 2
96 44 13
96 45 80
96 46 68
96 47 24
96 48 81
96 49 56
96 50 30
96 51 6
96 52 2
96 53 22
96 54 4
96 55 90
96 56 60
96 57 96
96 58 87
96 59 97
96 60 79
96 61 21
96 62 34
96 63 44
96 64 3
96 65 20
96 66 71
96 67 13
96 68 80
96 69 81
96 70 77
96 71 62
96 72 77
96 73 44
96 74 15
96 75 41
96 76 75
96 77 34
96 78 17
96 79 55
96 80 90
96 81 46
96 82 12
96 83 43
96 84 67
96 85 15
96 86 84
96 87 27
96 88 10
96 89 22
96 90 75
96 91 41
96 92 94
96 93 60
96 94 84
96 95 48
96 97 79
96 98 55
96 99 60
97 0 10
97 1 87
97 2 37
97 3 71
97 4 15
97 5 80
97 6 37
97 7 56
97 8 6
97 9 23
97 10 24
97 11 60
97 12 12
97 13 69
97 14 23
97 15 6
97 16 87
97 17 37
97 18 41
97 19 65
97 20 47
97 21 62
97 22 91
97 23 87
97 24 56
97 25 51
97 26 22
97 27 3
97 28 81
97 29 28
97 30 63
97 31 91
97 32 14
97 33 51
97 34 13
97 35 81
97 36 82
97 37 50
97 38 36
97 39 87
97 40 72
97 41 59
97 42 98
97 43 35
97 44 79
97 45 20
97 46 92
97 47 17
97 48 56
97 49 32
97 50 34
97 51 54
97 52 93
97 53 24
97 54 92
97 55 100
97 56 26
97 57 14
97 58 3
97 59 7
97 60 93
97 61 17
97 62 97
97 63 59
97 64 67
97 65 9
97 66 39
97 67 100
97 68 10
97 69 26
97 70 86
97 71 33
97 72 36
97 73 83
97 74 19
97 75 14
97 76 54
97 77 10
97 78 82
97 79 61
97 80 93
97 81 15
97 82 15
97 83 86
97 84 91
97 85 6
97 86 37
97 87 16
97 88 71
97 89 39
97 90 22
97 91 64
97 92 7
97 93 18
97 94 22
97 95 25
97 96 79
97 98 12
97 99 24
98 0 40
98 1 37
98 2 9
98 3 73
98 4 72
98 5 43
98 6 91
98 7 37
98 8 48
98 9 53
98 10 18
98 11 9
98 12 45
98 13 33
98 14 23
98 15 82
98 16 23
98 17 80
98 18 19
98 19 38
98 20 51
98 21 9
98 22 12
98 23 66
98 24 16
98 25 81
98 26 39
98 27 40
98 28 11
98 29 50
98 30 16
98 31 51
98 32 86
98 33 76
98 34 23
98 35 57
98 36 19
98 37 13
98 38 93
98 39 18
98 40 65
98 41 62
98 42 26
98 43 62
98 44 94
98 45 48
98 46 43
98 47 68
98 48 80
98 49 61
98 50 58
98 51 30
98 52 70
98 53 69
98 54 47
98 55 37
98 56 1
98 57 85
98 58 28
98 59 12
98 60 34
98 61 43
98 62 62
98 63 71
98 64 19
98 65 84
98 66 79
98 67 89
98 68 48
98 69 71
98 70 6
98 71 65
98 72 84
98 73 32
98 74 26
98 75 78
98 76 31
98 77 68
98 78 97
98 79 10
98 80 81
98 81 54
98 82 91
98 83 50
98 84 74
98 85 37
98 86 38
98 87 27
98 88 21
98 89 65
98 90 38
98 91 6
98 92 8
98 93 99
98 94 76
98 95 78
98 96 34
98 97 54
98 99 66
99 0 33
99 1 76
99 2 23
99 3 49
99 4 60
99 5 6
99 6 74
99 7 89
99 8 89
99 9 94
99 10 85
99 11 98
99 12 74
99 13 91
99 14 41
99 15 75
99 16 16
99 17 77
99 18 12
99 19 42
99 20 50
99 21 28
99 22 31
99 23 55
99 24 35
99 25 81
99 26 31
99 27 64
99 28 14
99 29 84
99 30 81
99 31 99
99 32 60
99 33 4
99 34 47
99 35 71
99 36 61
99 37 73
99 38 59
99 39 49
99 40 66
99 41 95
99 42 47
99 43 91
99 44 85
99 45 39
99 46 17
99 47 53
99 48 15
99 49 80
99 50 94
99 51 64
99 52 7
99 53 77
99 54 71
99 55 94
99 56 57
99 57 1
99 58 9
99 59 71
99 60 36
99 61 90
99 62 21
99 63 47
99 64 93
99 65 67
99 66 17
99 67 5
99 68 39
99 69 27
99 70 54
99 71 56
99 72 22
99 73 52
99 74 98
99 75 58
99 76 90
99 77 66
99 78 10
99 79 4
99 80 45
99 81 56
99 82 20
99 83 4
99 84 32
99 85 42
99 86 49
99 87 88
99 88 42
99 89 57
99 90 10
99 91 29
99 92 46
99 93 30
99 94 76
99 95 90
99 96 49
99 97 44
99 98 95
38