100 7424
0 1 23
0 2 11
0 3 67
0 4 14
0 5 72
0 6 32
0 7 52
0 8 21
0 9 38
0 10 7
0 11 60
0 12 80
0 13 45
0 14 37
0 15 99
0 16 27
0 17 68
0 18 68
0 19 61
0 20 74
0 21 87
0 22 44
0 23 24
0 24 43
0 25 26
0 26 72
0 27 46
0 28 24
0 29 29
0 30 65
0 31 18
0 32 51
0 33 27
0 34 84
0 35 16
0 36 98
0 37 68
0 38 68
0 39 70
0 40 5
0 41 26
0 42 30
0 43 84
0 44 70
0 45 18
0 46 34
0 47 48
0 48 38
0 49 1
0 50 60
0 51 11
0 52 88
0 53 3
0 54 86
0 55 30
0 56 28
0 57 57
0 58 27
0 59 3
0 60 38
0 61 91
0 62 21
0 63 88
0 64 18
0 65 4
0 66 56
0 67 67
0 68 71
0 69 75
0 70 37
0 71 75
0 72 100
0 73 18
0 74 10
1 75 21
1 76 35
1 77 43
1 78 21
1 79 72
1 80 96
1 81 80
1 82 34
1 83 83
1 84 83
1 85 19
1 86 64
1 87 62
1 88 28
1 89 90
1 90 65
1 91 65
1 92 33
1 93 85
1 94 4
1 95 2
1 96 40
1 97 59
1 98 20
1 99 11
1 0 85
1 2 56
1 3 37
1 4 84
1 5 25
1 6 99
1 7 57
1 8 12
1 9 41
1 10 77
1 11 83
1 12 88
1 13 56
1 14 69
1 15 70
1 16 38
1 17 39
1 18 85
1 19 52
1 20 66
1 21 27
1 22 16
1 23 30
1 24 59
1 25 52
1 26 34
1 27 12
1 28 43
1 29 44
1 30 31
1 31 5
1 32 29
1 33 39
1 34 42
1 35 64
1 36 15
1 37 40
1 38 20
1 39 26
1 40 32
1 41 96
1 42 61
1 43 20
1 44 4
1 45 29
1 46 41
1 47 93
1 48 67
1 49 26
2 50 44
2 51 85
2 52 52
2 53 11
2 54 14
2 55 62
2 56 14
2 57 99
2 58 25
2 59 57
2 60 95
2 61 7
2 62 61
2 63 75
2 64 45
2 65 2
2 66 38
2 67 60
2 68 93
2 69 10
2 70 37
2 71 77
2 72 57
2 73 97
2 74 48
2 75 60
2 76 25
2 77 88
2 78 5
2 79 44
2 80 65
2 81 48
2 82 28
2 83 68
2 84 11
2 85 93
2 86 81
2 87 24
2 88 44
2 89 5
2 90 80
2 91 38
2 92 12
2 93 41
2 94 64
2 95 8
2 96 94
2 97 1
2 98 19
2 99 39
2 0 62
2 1 56
2 3 15
2 4 71
2 5 52
2 6 62
2 7 30
2 8 29
2 9 1
2 10 86
2 11 72
2 12 18
2 13 34
2 14 51
2 15 85
2 16 44
2 17 43
2 18 18
2 19 67
2 20 38
2 21 74
2 22 99
2 23 75
2 24 37
3 25 39
3 26 38
3 27 45
3 28 84
3 29 91
3 30 15
3 31 22
3 32 4
3 33 70
3 34 36
3 35 74
3 36 74
3 37 49
3 38 56
3 39 54
3 40 2
3 41 41
3 42 77
3 43 71
3 44 74
3 45 27
3 46 55
3 47 69
3 48 21
3 49 24
3 50 88
3 51 59
3 52 98
3 53 86
3 54 85
3 55 34
3 56 76
3 57 75
3 58 30
3 59 59
3 60 65
3 61 45
3 62 81
3 63 20
3 64 66
3 65 68
3 66 94
3 67 39
3 68 17
3 69 49
3 70 92
3 71 70
3 72 89
3 73 20
3 74 40
3 75 15
3 76 46
3 77 46
3 78 35
3 79 19
3 80 70
3 81 22
3 82 77
3 83 67
3 84 7
3 85 13
3 86 52
3 87 82
3 88 87
3 89 82
3 90 41
3 91 3
3 92 26
3 93 73
3 94 23
3 95 91
3 96 40
3 97 16
3 98 82
3 99 8
4 0 64
4 1 25
4 2 77
4 3 4
4 5 45
4 6 68
4 7 70
4 8 42
4 9 66
4 10 5
4 11 60
4 12 35
4 13 26
4 14 88
4 15 53
4 16 85
4 17 1
4 18 4
4 19 18
4 20 87
4 21 37
4 22 10
4 23 42
4 24 62
4 25 82
4 26 64
4 27 5
4 28 22
4 29 79
4 30 86
4 31 29
4 32 94
4 33 62
4 34 58
4 35 49
4 36 6
4 37 77
4 38 19
4 39 48
4 40 42
4 41 23
4 42 7
4 43 28
4 44 48
4 45 47
4 46 80
4 47 84
4 48 47
4 49 36
4 50 2
4 51 85
4 52 72
4 53 11
4 54 26
4 55 86
4 56 93
4 57 41
4 58 90
4 59 14
4 60 19
4 61 27
4 62 94
4 63 64
4 64 88
4 65 3
4 66 65
4 67 94
4 68 80
4 69 83
4 70 93
4 71 21
4 72 5
4 73 51
4 74 49
5 75 4
5 76 97
5 77 80
5 78 88
5 79 43
5 80 67
5 81 41
5 82 80
5 83 91
5 84 51
5 85 57
5 86 76
5 87 95
5 88 98
5 89 17
5 90 60
5 91 68
5 92 95
5 93 54
5 94 84
5 95 82
5 96 8
5 97 48
5 98 27
5 99 87
5 0 30
5 1 71
5 2 60
5 3 86
5 4 22
5 6 60
5 7 41
5 8 18
5 9 39
5 10 80
5 11 13
5 12 58
5 13 20
5 14 44
5 15 48
5 16 23
5 17 100
5 18 75
5 19 17
5 20 49
5 21 91
5 22 77
5 23 17
5 24 37
5 25 82
5 26 100
5 27 70
5 28 89
5 29 99
5 30 49
5 31 28
5 32 28
5 33 19
5 34 87
5 35 65
5 36 92
5 37 46
5 38 5
5 39 10
5 40 36
5 41 85
5 42 74
5 43 93
5 44 56
5 45 69
5 46 40
5 47 78
5 48 68
5 49 14
6 50 47
6 51 69
6 52 56
6 53 75
6 54 37
6 55 44
6 56 56
6 57 36
6 58 14
6 59 96
6 60 86
6 61 62
6 62 23
6 63 13
6 64 32
6 65 9
6 66 29
6 67 24
6 68 6
6 69 33
6 70 85
6 71 42
6 72 69
6 73 10
6 74 86
6 75 77
6 76 78
6 77 26
6 78 6
6 79 97
6 80 91
6 81 52
6 82 65
6 83 99
6 84 26
6 85 1
6 86 42
6 87 33
6 88 88
6 89 7
6 90 29
6 91 73
6 92 20
6 93 3
6 94 37
6 95 52
6 96 64
6 97 65
6 98 75
6 99 69
6 0 50
6 1 11
6 2 62
6 3 70
6 4 20
6 5 48
6 7 46
6 8 97
6 9 25
6 10 4
6 11 45
6 12 67
6 13 55
6 14 10
6 15 17
6 16 33
6 17 62
6 18 11
6 19 17
6 20 2
6 21 17
6 22 45
6 23 74
6 24 37
7 25 48
7 26 63
7 27 40
7 28 11
7 29 79
7 30 66
7 31 31
7 32 28
7 33 76
7 34 45
7 35 98
7 36 95
7 37 44
7 38 95
7 39 43
7 40 68
7 41 98
7 42 87
7 43 86
7 44 5
7 45 48
7 46 55
7 47 89
7 48 62
7 49 65
7 50 5
7 51 63
7 52 33
7 53 2
7 54 88
7 55 69
7 56 1
7 57 50
7 58 60
7 59 63
7 60 29
7 61 25
7 62 45
7 63 8
7 64 100
7 65 89
7 66 57
7 67 46
7 68 32
7 69 52
7 70 40
7 71 51
7 72 1
7 73 79
7 74 37
7 75 57
7 76 78
7 77 91
7 78 45
7 79 39
7 80 7
7 81 2
7 82 53
7 83 39
7 84 55
7 85 41
7 86 60
7 87 55
7 88 42
7 89 19
7 90 17
7 91 22
7 92 44
7 93 61
7 94 82
7 95 95
7 96 2
7 97 38
7 98 41
7 99 33
8 0 41
8 1 80
8 2 84
8 3 94
8 4 10
8 5 72
8 6 50
8 7 88
8 9 62
8 10 47
8 11 26
8 12 68
8 13 48
8 14 79
8 15 58
8 16 54
8 17 71
8 18 17
8 19 8
8 20 64
8 21 36
8 22 76
8 23 38
8 24 31
8 25 88
8 26 19
8 27 25
8 28 89
8 29 56
8 30 17
8 31 74
8 32 49
8 33 49
8 34 57
8 35 42
8 36 58
8 37 28
8 38 91
8 39 45
8 40 41
8 41 89
8 42 23
8 43 60
8 44 88
8 45 53
8 46 17
8 47 41
8 48 23
8 49 34
8 50 48
8 51 38
8 52 21
8 53 75
8 54 75
8 55 51
8 56 63
8 57 93
8 58 27
8 59 3
8 60 1
8 61 44
8 62 76
8 63 49
8 64 92
8 65 32
8 66 90
8 67 1
8 68 11
8 69 32
8 70 46
8 71 3
8 72 21
8 73 68
8 74 14
9 75 8
9 76 20
9 77 31
9 78 49
9 79 94
9 80 16
9 81 48
9 82 83
9 83 36
9 84 23
9 85 58
9 86 38
9 87 37
9 88 2
9 89 64
9 90 39
9 91 2
9 92 7
9 93 15
9 94 50
9 95 50
9 96 98
9 97 91
9 98 51
9 99 61
9 0 23
9 1 96
9 2 63
9 3 95
9 4 15
9 5 29
9 6 2
9 7 86
9 8 59
9 10 2
9 11 31
9 12 26
9 13 2
9 14 13
9 15 13
9 16 24
9 17 22
9 18 2
9 19 60
9 20 24
9 21 65
9 22 50
9 23 77
9 24 24
9 25 64
9 26 79
9 27 73
9 28 14
9 29 21
9 30 75
9 31 74
9 32 43
9 33 22
9 34 88
9 35 89
9 36 36
9 37 16
9 38 43
9 39 73
9 40 26
9 41 44
9 42 55
9 43 3
9 44 45
9 45 20
9 46 67
9 47 20
9 48 41
9 49 68
10 50 31
10 51 16
10 52 33
10 53 33
10 54 45
10 55 8
10 56 96
10 57 75
10 58 32
10 59 61
10 60 95
10 61 7
10 62 86
10 63 90
10 64 28
10 65 74
10 66 78
10 67 16
10 68 41
10 69 20
10 70 40
10 71 19
10 72 16
10 73 95
10 74 21
10 75 12
10 76 14
10 77 88
10 78 32
10 79 6
10 80 7
10 81 14
10 82 74
10 83 39
10 84 46
10 85 70
10 86 46
10 87 94
10 88 44
10 89 78
10 90 54
10 91 90
10 92 36
10 93 40
10 94 79
10 95 63
10 96 65
10 97 57
10 98 30
10 99 57
10 0 28
10 1 70
10 2 75
10 3 43
10 4 16
10 5 48
10 6 55
10 7 81
10 8 87
10 9 38
10 11 86
10 12 93
10 13 3
10 14 11
10 15 84
10 16 49
10 17 32
10 18 81
10 19 94
10 20 75
10 21 10
10 22 99
10 23 17
10 24 45
11 25 90
11 26 95
11 27 60
11 28 54
11 29 3
11 30 89
11 31 63
11 32 31
11 33 10
11 34 89
11 35 25
11 36 25
11 37 36
11 38 31
11 39 5
11 40 74
11 41 68
11 42 43
11 43 19
11 44 23
11 45 5
11 46 2
11 47 71
11 48 37
11 49 34
11 50 16
11 51 63
11 52 44
11 53 14
11 54 79
11 55 40
11 56 4
11 57 74
11 58 51
11 59 9
11 60 76
11 61 92
11 62 71
11 63 58
11 64 1
11 65 60
11 66 83
11 67 26
11 68 47
11 69 65
11 70 30
11 71 73
11 72 33
11 73 72
11 74 91
11 75 55
11 76 77
11 77 44
11 78 77
11 79 65
11 80 77
11 81 92
11 82 27
11 83 72
11 84 57
11 85 58
11 86 64
11 87 60
11 88 31
11 89 14
11 90 69
11 91 58
11 92 5
11 93 91
11 94 68
11 95 58
11 96 50
11 97 2
11 98 83
11 99 49
12 0 66
12 1 64
12 2 21
12 3 50
12 4 88
12 5 11
12 6 4
12 7 16
12 8 54
12 9 32
12 10 80
12 11 82
12 13 75
12 14 58
12 15 6
12 16 32
12 17 15
12 18 69
12 19 43
12 20 45
12 21 34
12 22 11
12 23 55
12 24 91
12 25 2
12 26 74
12 27 48
12 28 3
12 29 75
12 30 30
12 31 51
12 32 40
12 33 93
12 34 23
12 35 90
12 36 80
12 37 33
12 38 45
12 39 95
12 40 38
12 41 29
12 42 26
12 43 72
12 44 3
12 45 84
12 46 77
12 47 86
12 48 98
12 49 97
12 50 29
12 51 95
12 52 30
12 53 91
12 54 1
12 55 20
12 56 44
12 57 74
12 58 19
12 59 99
12 60 48
12 61 48
12 62 1
12 63 39
12 64 93
12 65 24
12 66 80
12 67 24
12 68 8
12 69 25
12 70 71
12 71 46
12 72 5
12 73 96
12 74 17
13 75 59
13 76 31
13 77 45
13 78 45
13 79 29
13 80 41
13 81 25
13 82 75
13 83 70
13 84 67
13 85 75
13 86 42
13 87 63
13 88 48
13 89 60
13 90 61
13 91 47
13 92 60
13 93 61
13 94 85
13 95 4
13 96 36
13 97 65
13 98 27
13 99 44
13 0 41
13 1 49
13 2 89
13 3 45
13 4 97
13 5 57
13 6 55
13 7 27
13 8 53
13 9 51
13 10 7
13 11 93
13 12 27
13 14 81
13 15 14
13 16 94
13 17 7
13 18 55
13 19 56
13 20 54
13 21 67
13 22 16
13 23 100
13 24 26
13 25 28
13 26 37
13 27 29
13 28 64
13 29 1
13 30 7
13 31 7
13 32 93
13 33 8
13 34 47
13 35 89
13 36 4
13 37 55
13 38 43
13 39 82
13 40 7
13 41 46
13 42 89
13 43 51
13 44 72
13 45 21
13 46 64
13 47 65
13 48 28
13 49 71
14 50 20
14 51 33
14 52 37
14 53 87
14 54 85
14 55 14
14 56 67
14 57 21
14 58 42
14 59 30
14 60 73
14 61 100
14 62 88
14 63 65
14 64 7
14 65 34
14 66 5
14 67 10
14 68 40
14 69 47
14 70 44
14 71 98
14 72 44
14 73 84
14 74 48
14 75 16
14 76 4
14 77 63
14 78 80
14 79 83
14 80 33
14 81 52
14 82 68
14 83 69
14 84 90
14 85 52
14 86 82
14 87 56
14 88 72
14 89 75
14 90 85
14 91 44
14 92 27
14 93 24
14 94 60
14 95 33
14 96 9
14 97 64
14 98 95
14 99 48
14 0 62
14 1 38
14 2 97
14 3 6
14 4 21
14 5 44
14 6 21
14 7 76
14 8 7
14 9 52
14 10 59
14 11 91
14 12 3
14 13 78
14 15 60
14 16 45
14 17 29
14 18 93
14 19 100
14 20 52
14 21 20
14 22 37
14 23 47
14 24 46
15 25 60
15 26 6
15 27 78
15 28 69
15 29 21
15 30 24
15 31 68
15 32 34
15 33 61
15 34 65
15 35 91
15 36 81
15 37 60
15 38 11
15 39 9
15 40 18
15 41 15
15 42 67
15 43 9
15 44 69
15 45 44
15 46 20
15 47 13
15 48 24
15 49 64
15 50 13
15 51 75
15 52 83
15 53 1
15 54 21
15 55 80
15 56 60
15 57 78
15 58 10
15 59 80
15 60 98
15 61 33
15 62 100
15 63 83
15 64 46
15 65 16
15 66 74
15 67 26
15 68 75
15 69 36
15 70 86
15 71 45
15 72 50
15 73 4
15 74 53
15 75 71
15 76 99
15 77 24
15 78 83
15 79 22
15 80 87
15 81 47
15 82 96
15 83 22
15 84 47
15 85 68
15 86 53
15 87 59
15 88 45
15 89 62
15 90 90
15 91 94
15 92 47
15 93 89
15 94 77
15 95 92
15 96 4
15 97 50
15 98 69
15 99 31
16 0 85
16 1 55
16 2 75
16 3 87
16 4 58
16 5 79
16 6 57
16 7 57
16 8 54
16 9 91
16 10 30
16 11 92
16 12 38
16 13 78
16 14 65
16 15 36
16 17 45
16 18 18
16 19 94
16 20 42
16 21 31
16 22 84
16 23 35
16 24 77
16 25 24
16 26 11
16 27 20
16 28 80
16 29 12
16 30 41
16 31 10
16 32 49
16 33 47
16 34 36
16 35 87
16 36 4
16 37 14
16 38 43
16 39 12
16 40 67
16 41 33
16 42 42
16 43 10
16 44 22
16 45 71
16 46 75
16 47 58
16 48 15
16 49 92
16 50 3
16 51 56
16 52 22
16 53 38
16 54 91
16 55 51
16 56 62
16 57 53
16 58 22
16 59 41
16 60 17
16 61 14
16 62 2
16 63 65
16 64 60
16 65 37
16 66 3
16 67 16
16 68 2
16 69 45
16 70 27
16 71 20
16 72 29
16 73 20
16 74 29
17 75 3
17 76 90
17 77 3
17 78 12
17 79 57
17 80 46
17 81 14
17 82 12
17 83 20
17 84 4
17 85 54
17 86 22
17 87 17
17 88 59
17 89 43
17 90 9
17 91 75
17 92 57
17 93 10
17 94 91
17 95 16
17 96 98
17 97 93
17 98 31
17 99 99
17 0 89
17 1 10
17 2 70
17 3 69
17 4 81
17 5 98
17 6 71
17 7 71
17 8 53
17 9 34
17 10 79
17 11 98
17 12 100
17 13 90
17 14 17
17 15 3
17 16 96
17 18 38
17 19 19
17 20 54
17 21 33
17 22 79
17 23 28
17 24 89
17 25 88
17 26 70
17 27 56
17 28 37
17 29 62
17 30 39
17 31 87
17 32 2
17 33 48
17 34 56
17 35 70
17 36 80
17 37 5
17 38 93
17 39 2
17 40 57
17 41 26
17 42 80
17 43 55
17 44 25
17 45 70
17 46 71
17 47 79
17 48 65
17 49 61
18 50 49
18 51 18
18 52 93
18 53 27
18 54 97
18 55 33
18 56 66
18 57 66
18 58 88
18 59 2
18 60 79
18 61 78
18 62 40
18 63 80
18 64 77
18 65 95
18 66 49
18 67 57
18 68 100
18 69 41
18 70 58
18 71 8
18 72 19
18 73 38
18 74 62
18 75 95
18 76 59
18 77 85
18 78 74
18 79 75
18 80 97
18 81 74
18 82 44
18 83 89
18 84 53
18 85 40
18 86 21
18 87 18
18 88 57
18 89 60
18 90 72
18 91 35
18 92 38
18 93 11
18 94 14
18 95 14
18 96 58
18 97 14
18 98 22
18 99 57
18 0 7
18 1 80
18 2 64
18 3 25
18 4 69
18 5 78
18 6 71
18 7 27
18 8 14
18 9 96
18 10 1
18 11 10
18 12 70
18 13 44
18 14 50
18 15 22
18 16 35
18 17 22
18 19 91
18 20 43
18 21 33
18 22 62
18 23 77
18 24 70
19 25 25
19 26 42
19 27 36
19 28 82
19 29 7
19 30 57
19 31 90
19 32 13
19 33 88
19 34 5
19 35 89
19 36 56
19 37 82
19 38 60
19 39 34
19 40 47
19 41 7
19 42 34
19 43 8
19 44 28
19 45 29
19 46 9
19 47 49
19 48 15
19 49 30
19 50 92
19 51 57
19 52 63
19 53 53
19 54 85
19 55 84
19 56 29
19 57 78
19 58 71
19 59 10
19 60 85
19 61 80
19 62 99
19 63 49
19 64 67
19 65 4
19 66 38
19 67 75
19 68 37
19 69 49
19 70 8
19 71 84
19 72 55
19 73 94
19 74 43
19 75 83
19 76 74
19 77 52
19 78 83
19 79 89
19 80 33
19 81 74
19 82 97
19 83 47
19 84 79
19 85 34
19 86 31
19 87 7
19 88 11
19 89 53
19 90 17
19 91 47
19 92 32
19 93 67
19 94 96
19 95 51
19 96 70
19 97 33
19 98 77
19 99 7
20 0 33
20 1 84
20 2 42
20 3 87
20 4 77
20 5 84
20 6 21
20 7 51
20 8 87
20 9 56
20 10 91
20 11 20
20 12 29
20 13 87
20 14 66
20 15 59
20 16 72
20 17 48
20 18 18
20 19 83
20 21 1
20 22 34
20 23 29
20 24 84
20 25 52
20 26 24
20 27 86
20 28 22
20 29 8
20 30 62
20 31 28
20 32 40
20 33 98
20 34 69
20 35 79
20 36 26
20 37 4
20 38 51
20 39 76
20 40 91
20 41 6
20 42 18
20 43 62
20 44 87
20 45 57
20 46 27
20 47 45
20 48 28
20 49 27
20 50 62
20 51 62
20 52 79
20 53 47
20 54 91
20 55 62
20 56 99
20 57 66
20 58 100
20 59 72
20 60 26
20 61 13
20 62 99
20 63 17
20 64 10
20 65 19
20 66 95
20 67 36
20 68 74
20 69 46
20 70 63
20 71 64
20 72 51
20 73 81
20 74 25
21 75 37
21 76 37
21 77 4
21 78 34
21 79 16
21 80 30
21 81 47
21 82 78
21 83 8
21 84 94
21 85 20
21 86 21
21 87 44
21 88 37
21 89 72
21 90 15
21 91 62
21 92 85
21 93 65
21 94 79
21 95 94
21 96 35
21 97 25
21 98 29
21 99 8
21 0 70
21 1 44
21 2 24
21 3 73
21 4 24
21 5 100
21 6 61
21 7 12
21 8 3
21 9 94
21 10 27
21 11 84
21 12 41
21 13 56
21 14 43
21 15 86
21 16 75
21 17 16
21 18 81
21 19 12
21 20 87
21 22 95
21 23 25
21 24 23
21 25 11
21 26 3
21 27 69
21 28 45
21 29 28
21 30 49
21 31 4
21 32 49
21 33 92
21 34 27
21 35 21
21 36 15
21 37 79
21 38 82
21 39 78
21 40 33
21 41 27
21 42 57
21 43 17
21 44 67
21 45 12
21 46 11
21 47 4
21 48 39
21 49 78
22 50 84
22 51 2
22 52 17
22 53 30
22 54 26
22 55 39
22 56 40
22 57 81
22 58 7
22 59 36
22 60 60
22 61 56
22 62 40
22 63 60
22 64 47
22 65 18
22 66 81
22 67 14
22 68 96
22 69 14
22 70 91
22 71 29
22 72 40
22 73 99
22 74 97
22 75 59
22 76 11
22 77 7
22 78 14
22 79 1
22 80 85
22 81 50
22 82 2
22 83 1
22 84 79
22 85 79
22 86 91
22 87 71
22 88 59
22 89 98
22 90 6
22 91 70
22 92 5
22 93 97
22 94 30
22 95 51
22 96 15
22 97 10
22 98 16
22 99 62
22 0 75
22 1 59
22 2 90
22 3 66
22 4 57
22 5 86
22 6 76
22 7 19
22 8 45
22 9 90
22 10 19
22 11 81
22 12 39
22 13 72
22 14 33
22 15 69
22 16 51
22 17 23
22 18 39
22 19 61
22 20 72
22 21 97
22 23 31
22 24 76
23 25 93
23 26 60
23 27 79
23 28 59
23 29 21
23 30 94
23 31 21
23 32 95
23 33 4
23 34 62
23 35 12
23 36 13
23 37 100
23 38 88
23 39 31
23 40 96
23 41 29
23 42 2
23 43 76
23 44 67
23 45 25
23 46 8
23 47 87
23 48 75
23 49 82
23 50 26
23 51 88
23 52 54
23 53 74
23 54 18
23 55 81
23 56 18
23 57 29
23 58 59
23 59 29
23 60 49
23 61 5
23 62 49
23 63 95
23 64 8
23 65 62
23 66 6
23 67 72
23 68 61
23 69 45
23 70 3
23 71 56
23 72 73
23 73 56
23 74 83
23 75 91
23 76 80
23 77 42
23 78 78
23 79 7
23 80 24
23 81 55
23 82 46
23 83 29
23 84 80
23 85 63
23 86 9
23 87 97
23 88 91
23 89 68
23 90 25
23 91 91
23 92 24
23 93 25
23 94 85
23 95 83
23 96 87
23 97 42
23 98 55
23 99 99
24 0 87
24 1 9
24 2 7
24 3 11
24 4 64
24 5 89
24 6 2
24 7 95
24 8 31
24 9 79
24 10 53
24 11 6
24 12 85
24 13 98
24 14 34
24 15 64
24 16 12
24 17 42
24 18 60
24 19 54
24 20 61
24 21 37
24 22 44
24 23 84
24 25 61
24 26 80
24 27 67
24 28 99
24 29 74
24 30 73
24 31 98
24 32 60
24 33 81
24 34 4
24 35 70
24 36 96
24 37 44
24 38 23
24 39 90
24 40 74
24 41 53
24 42 95
24 43 79
24 44 37
24 45 44
24 46 12
24 47 52
24 48 56
24 49 6
24 50 64
24 51 9
24 52 66
24 53 100
24 54 5
24 55 50
24 56 12
24 57 36
24 58 68
24 59 11
24 60 9
24 61 40
24 62 8
24 63 20
24 64 20
24 65 11
24 66 42
24 67 15
24 68 6
24 69 64
24 70 56
24 71 80
24 72 17
24 73 2
24 74 10
25 75 5
25 76 46
25 77 74
25 78 9
25 79 53
25 80 79
25 81 72
25 82 13
25 83 44
25 84 23
25 85 17
25 86 45
25 87 34
25 88 5
25 89 64
25 90 44
25 91 13
25 92 3
25 93 51
25 94 33
25 95 74
25 96 13
25 97 26
25 98 40
25 99 19
25 0 89
25 1 48
25 2 50
25 3 57
25 4 49
25 5 59
25 6 14
25 7 46
25 8 84
25 9 22
25 10 98
25 11 62
25 12 93
25 13 11
25 14 58
25 15 15
25 16 79
25 17 54
25 18 48
25 19 83
25 20 18
25 21 44
25 22 48
25 23 20
25 24 94
25 26 32
25 27 46
25 28 59
25 29 57
25 30 85
25 31 29
25 32 97
25 33 32
25 34 78
25 35 6
25 36 81
25 37 88
25 38 19
25 39 78
25 40 72
25 41 40
25 42 76
25 43 85
25 44 84
25 45 38
25 46 42
25 47 50
25 48 16
25 49 96
26 50 49
26 51 51
26 52 65
26 53 92
26 54 50
26 55 84
26 56 38
26 57 81
26 58 29
26 59 96
26 60 89
26 61 66
26 62 24
26 63 85
26 64 97
26 65 53
26 66 90
26 67 29
26 68 40
26 69 8
26 70 7
26 71 11
26 72 99
26 73 34
26 74 96
26 75 34
26 76 71
26 77 89
26 78 83
26 79 38
26 80 36
26 81 84
26 82 40
26 83 100
26 84 27
26 85 89
26 86 36
26 87 64
26 88 69
26 89 16
26 90 11
26 91 57
26 92 81
26 93 86
26 94 94
26 95 30
26 96 38
26 97 83
26 98 10
26 99 30
26 0 43
26 1 68
26 2 92
26 3 93
26 4 1
26 5 39
26 6 27
26 7 23
26 8 28
26 9 61
26 10 13
26 11 15
26 12 96
26 13 52
26 14 15
26 15 23
26 16 93
26 17 2
26 18 86
26 19 13
26 20 69
26 21 49
26 22 70
26 23 2
26 24 34
27 25 15
27 26 31
27 28 24
27 29 49
27 30 92
27 31 53
27 32 43
27 33 60
27 34 96
27 35 36
27 36 12
27 37 35
27 38 14
27 39 35
27 40 62
27 41 26
27 42 99
27 43 28
27 44 22
27 45 50
27 46 94
27 47 96
27 48 42
27 49 95
27 50 33
27 51 55
27 52 16
27 53 81
27 54 76
27 55 17
27 56 67
27 57 42
27 58 99
27 59 90
27 60 90
27 61 90
27 62 94
27 63 33
27 64 1
27 65 89
27 66 20
27 67 13
27 68 23
27 69 85
27 70 99
27 71 36
27 72 10
27 73 97
27 74 64
27 75 83
27 76 98
27 77 57
27 78 78
27 79 92
27 80 4
27 81 63
27 82 46
27 83 19
27 84 43
27 85 73
27 86 87
27 87 61
27 88 66
27 89 85
27 90 2
27 91 55
27 92 26
27 93 95
27 94 39
27 95 27
27 96 36
27 97 58
27 98 39
27 99 10
28 0 42
28 1 89
28 2 98
28 3 4
28 4 85
28 5 61
28 6 38
28 7 82
28 8 69
28 9 68
28 10 73
28 11 24
28 12 30
28 13 70
28 14 94
28 15 24
28 16 94
28 17 80
28 18 85
28 19 59
28 20 64
28 21 86
28 22 66
28 23 42
28 24 33
28 25 4
28 26 68
28 27 68
28 29 14
28 30 58
28 31 29
28 32 7
28 33 46
28 34 26
28 35 62
28 36 82
28 37 38
28 38 100
28 39 63
28 40 7
28 41 67
28 42 88
28 43 82
28 44 48
28 45 9
28 46 76
28 47 71
28 48 3
28 49 55
28 50 55
28 51 13
28 52 71
28 53 93
28 54 30
28 55 12
28 56 25
28 57 34
28 58 31
28 59 44
28 60 99
28 61 88
28 62 72
28 63 5
28 64 85
28 65 98
28 66 19
28 67 66
28 68 87
28 69 18
28 70 80
28 71 45
28 72 36
28 73 67
28 74 27
29 75 83
29 76 28
29 77 54
29 78 53
29 79 82
29 80 8
29 81 60
29 82 94
29 83 30
29 84 4
29 85 24
29 86 93
29 87 28
29 88 9
29 89 23
29 90 23
29 91 7
29 92 62
29 93 46
29 94 63
29 95 46
29 96 95
29 97 81
29 98 11
29 99 82
29 0 50
29 1 91
29 2 26
29 3 85
29 4 9
29 5 52
29 6 67
29 7 36
29 8 57
29 9 72
29 10 17
29 11 65
29 12 31
29 13 63
29 14 46
29 15 34
29 16 38
29 17 91
29 18 13
29 19 46
29 20 13
29 21 87
29 22 4
29 23 75
29 24 32
29 25 18
29 26 20
29 27 27
29 28 51
29 30 83
29 31 60
29 32 100
29 33 25
29 34 85
29 35 37
29 36 33
29 37 89
29 38 3
29 39 21
29 40 45
29 41 74
29 42 89
29 43 61
29 44 56
29 45 51
29 46 59
29 47 41
29 48 40
29 49 49
30 50 53
30 51 37
30 52 61
30 53 91
30 54 40
30 55 87
30 56 23
30 57 10
30 58 59
30 59 1
30 60 12
30 61 41
30 62 60
30 63 11
30 64 17
30 65 96
30 66 99
30 67 49
30 68 84
30 69 2
30 70 21
30 71 81
30 72 27
30 73 10
30 74 41
30 75 35
30 76 12
30 77 51
30 78 75
30 79 52
30 80 99
30 81 80
30 82 88
30 83 12
30 84 70
30 85 80
30 86 98
30 87 44
30 88 41
30 89 56
30 90 44
30 91 52
30 92 48
30 93 55
30 94 14
30 95 64
30 96 51
30 97 13
30 98 65
30 99 86
30 0 66
30 1 85
30 2 66
30 3 44
30 4 46
30 5 59
30 6 78
30 7 58
30 8 9
30 9 5
30 10 61
30 11 8
30 12 36
30 13 48
30 14 19
30 15 5
30 16 79
30 17 16
30 18 1
30 19 19
30 20 24
30 21 96
30 22 70
30 23 23
30 24 51
31 25 84
31 26 39
31 27 1
31 28 48
31 29 3
31 30 86
31 32 13
31 33 39
31 34 52
31 35 56
31 36 85
31 37 62
31 38 86
31 39 94
31 40 70
31 41 90
31 42 54
31 43 77
31 44 25
31 45 53
31 46 47
31 47 81
31 48 32
31 49 15
31 50 33
31 51 2
31 52 38
31 53 29
31 54 72
31 55 12
31 56 79
31 57 7
31 58 50
31 59 79
31 60 54
31 61 4
31 62 16
31 63 66
31 64 43
31 65 19
31 66 73
31 67 79
31 68 80
31 69 58
31 70 24
31 71 50
31 72 47
31 73 29
31 74 78
31 75 23
31 76 81
31 77 25
31 78 56
31 79 64
31 80 39
31 81 88
31 82 66
31 83 28
31 84 16
31 85 89
31 86 39
31 87 94
31 88 95
31 89 89
31 90 24
31 91 100
31 92 44
31 93 40
31 94 17
31 95 86
31 96 58
31 97 89
31 98 16
31 99 38
32 0 47
32 1 39
32 2 87
32 3 45
32 4 67
32 5 16
32 6 68
32 7 100
32 8 40
32 9 23
32 10 15
32 11 30
32 12 10
32 13 32
32 14 57
32 15 26
32 16 20
32 17 96
32 18 19
32 19 66
32 20 36
32 21 43
32 22 65
32 23 79
32 24 34
32 25 33
32 26 17
32 27 91
32 28 22
32 29 84
32 30 80
32 31 68
32 33 23
32 34 18
32 35 12
32 36 41
32 37 34
32 38 79
32 39 92
32 40 73
32 41 53
32 42 7
32 43 3
32 44 63
32 45 38
32 46 11
32 47 40
32 48 10
32 49 58
32 50 10
32 51 75
32 52 45
32 53 4
32 54 92
32 55 76
32 56 37
32 57 24
32 58 92
32 59 80
32 60 45
32 61 75
32 62 59
32 63 64
32 64 49
32 65 77
32 66 28
32 67 42
32 68 62
32 69 58
32 70 33
32 71 86
32 72 11
32 73 39
32 74 40
33 75 25
33 76 29
33 77 51
33 78 16
33 79 38
33 80 8
33 81 25
33 82 12
33 83 53
33 84 81
33 85 55
33 86 28
33 87 17
33 88 31
33 89 71
33 90 48
33 91 75
33 92 97
33 93 7
33 94 91
33 95 46
33 96 35
33 97 18
33 98 39
33 99 48
33 0 75
33 1 71
33 2 33
33 3 37
33 4 10
33 5 73
33 6 61
33 7 90
33 8 23
33 9 76
33 10 27
33 11 82
33 12 53
33 13 90
33 14 34
33 15 33
33 16 45
33 17 13
33 18 49
33 19 75
33 20 35
33 21 49
33 22 1
33 23 32
33 24 7
33 25 91
33 26 29
33 27 93
33 28 60
33 29 67
33 30 40
33 31 87
33 32 89
33 34 72
33 35 23
33 36 50
33 37 44
33 38 84
33 39 39
33 40 18
33 41 11
33 42 65
33 43 100
33 44 63
33 45 55
33 46 85
33 47 95
33 48 99
33 49 50
34 50 96
34 51 25
34 52 84
34 53 44
34 54 25
34 55 67
34 56 2
34 57 68
34 58 47
34 59 94
34 60 79
34 61 65
34 62 33
34 63 65
34 64 54
34 65 4
34 66 88
34 67 3
34 68 100
34 69 23
34 70 94
34 71 69
34 72 85
34 73 58
34 74 68
34 75 48
34 76 64
34 77 5
34 78 94
34 79 14
34 80 54
34 81 41
34 82 38
34 83 89
34 84 84
34 85 15
34 86 8
34 87 85
34 88 34
34 89 54
34 90 30
34 91 12
34 92 71
34 93 62
34 94 29
34 95 76
34 96 18
34 97 68
34 98 30
34 99 17
34 0 90
34 1 23
34 2 37
34 3 74
34 4 33
34 5 5
34 6 73
34 7 96
34 8 61
34 9 67
34 10 10
34 11 66
34 12 59
34 13 47
34 14 54
34 15 43
34 16 13
34 17 61
34 18 79
34 19 46
34 20 67
34 21 61
34 22 10
34 23 37
34 24 22
35 25 38
35 26 64
35 27 39
35 28 5
35 29 93
35 30 7
35 31 46
35 32 16
35 33 44
35 34 71
35 36 48
35 37 100
35 38 96
35 39 43
35 40 12
35 41 14
35 42 4
35 43 77
35 44 72
35 45 3
35 46 30
35 47 66
35 48 15
35 49 43
35 50 97
35 51 13
35 52 9
35 53 57
35 54 22
35 55 97
35 56 78
35 57 11
35 58 60
35 59 69
35 60 67
35 61 4
35 62 27
35 63 64
35 64 19
35 65 22
35 66 34
35 67 18
35 68 73
35 69 29
35 70 13
35 71 84
35 72 42
35 73 16
35 74 60
35 75 66
35 76 18
35 77 90
35 78 31
35 79 85
35 80 84
35 81 27
35 82 97
35 83 92
35 84 83
35 85 70
35 86 40
35 87 13
35 88 80
35 89 51
35 90 33
35 91 98
35 92 54
35 93 59
35 94 61
35 95 25
35 96 81
35 97 46
35 98 42
35 99 53
36 0 27
36 1 54
36 2 37
36 3 20
36 4 22
36 5 48
36 6 85
36 7 39
36 8 89
36 9 16
36 10 23
36 11 72
36 12 42
36 13 71
36 14 15
36 15 77
36 16 40
36 17 54
36 18 41
36 19 71
36 20 56
36 21 73
36 22 68
36 23 10
36 24 31
36 25 28
36 26 34
36 27 63
36 28 26
36 29 27
36 30 16
36 31 52
36 32 81
36 33 4
36 34 71
36 35 2
36 37 3
36 38 56
36 39 92
36 40 92
36 41 71
36 42 67
36 43 63
36 44 64
36 45 37
36 46 78
36 47 92
36 48 77
36 49 83
36 50 32
36 51 47
36 52 39
36 53 4
36 54 67
36 55 100
36 56 87
36 57 46
36 58 85
36 59 49
36 60 71
36 61 11
36 62 16
36 63 22
36 64 43
36 65 71
36 66 93
36 67 96
36 68 74
36 69 48
36 70 88
36 71 65
36 72 70
36 73 6
36 74 79
37 75 33
37 76 42
37 77 56
37 78 77
37 79 70
37 80 91
37 81 8
37 82 69
37 83 81
37 84 64
37 85 35
37 86 80
37 87 50
37 88 80
37 89 16
37 90 98
37 91 51
37 92 26
37 93 66
37 94 72
37 95 69
37 96 36
37 97 64
37 98 64
37 99 9
37 0 63
37 1 3
37 2 25
37 3 32
37 4 8
37 5 4
37 6 17
37 7 50
37 8 11
37 9 93
37 10 71
37 11 53
37 12 52
37 13 39
37 14 33
37 15 67
37 16 73
37 17 64
37 18 16
37 19 5
37 20 79
37 21 66
37 22 7
37 23 57
37 24 31
37 25 78
37 26 25
37 27 66
37 28 94
37 29 40
37 30 27
37 31 8
37 32 95
37 33 51
37 34 40
37 35 2
37 36 6
37 38 8
37 39 3
37 40 69
37 41 52
37 42 74
37 43 21
37 44 55
37 45 64
37 46 54
37 47 22
37 48 89
37 49 69
38 50 37
38 51 93
38 52 48
38 53 2
38 54 99
38 55 4
38 56 84
38 57 28
38 58 80
38 59 50
38 60 73
38 61 19
38 62 28
38 63 81
38 64 13
38 65 30
38 66 72
38 67 67
38 68 36
38 69 31
38 70 69
38 71 4
38 72 82
38 73 94
38 74 24
38 75 36
38 76 58
38 77 29
38 78 57
38 79 98
38 80 98
38 81 46
38 82 90
38 83 97
38 84 99
38 85 40
38 86 100
38 87 83
38 88 19
38 89 79
38 90 84
38 91 44
38 92 49
38 93 11
38 94 76
38 95 14
38 96 40
38 97 47
38 98 80
38 99 27
38 0 29
38 1 100
38 2 30
38 3 10
38 4 46
38 5 6
38 6 97
38 7 55
38 8 86
38 9 6
38 10 52
38 11 83
38 12 51
38 13 93
38 14 79
38 15 1
38 16 84
38 17 30
38 18 83
38 19 2
38 20 60
38 21 66
38 22 45
38 23 61
38 24 28
39 25 20
39 26 74
39 27 68
39 28 18
39 29 5
39 30 94
39 31 98
39 32 56
39 33 76
39 34 59
39 35 1
39 36 33
39 37 56
39 38 7
39 40 18
39 41 13
39 42 58
39 43 53
39 44 15
39 45 2
39 46 83
39 47 15
39 48 85
39 49 13
39 50 98
39 51 39
39 52 24
39 53 15
39 54 35
39 55 84
39 56 95
39 57 55
39 58 9
39 59 14
39 60 24
39 61 65
39 62 59
39 63 74
39 64 21
39 65 34
39 66 32
39 67 73
39 68 66
39 69 39
39 70 80
39 71 36
39 72 51
39 73 89
39 74 88
39 75 65
39 76 91
39 77 70
39 78 80
39 79 27
39 80 34
39 81 29
39 82 65
39 83 10
39 84 95
39 85 100
39 86 93
39 87 89
39 88 6
39 89 54
39 90 2
39 91 81
39 92 18
39 93 61
39 94 54
39 95 90
39 96 46
39 97 86
39 98 15
39 99 64
40 0 24
40 1 94
40 2 99
40 3 27
40 4 34
40 5 38
40 6 91
40 7 76
40 8 59
40 9 22
40 10 3
40 11 45
40 12 2
40 13 19
40 14 54
40 15 97
40 16 18
40 17 98
40 18 37
40 19 23
40 20 51
40 21 91
40 22 56
40 23 21
40 24 3
40 25 9
40 26 10
40 27 48
40 28 46
40 29 24
40 30 63
40 31 22
40 32 69
40 33 13
40 34 48
40 35 55
40 36 50
40 37 90
40 38 82
40 39 9
40 41 64
40 42 84
40 43 53
40 44 65
40 45 3
40 46 58
40 47 13
40 48 72
40 49 55
40 50 50
40 51 47
40 52 58
40 53 92
40 54 2
40 55 78
40 56 94
40 57 62
40 58 39
40 59 93
40 60 60
40 61 15
40 62 56
40 63 81
40 64 35
40 65 68
40 66 80
40 67 89
40 68 70
40 69 69
40 70 71
40 71 78
40 72 32
40 73 6
40 74 82
41 75 49
41 76 60
41 77 91
41 78 61
41 79 32
41 80 45
41 81 10
41 82 30
41 83 2
41 84 1
41 85 31
41 86 31
41 87 46
41 88 44
41 89 70
41 90 39
41 91 3
41 92 36
41 93 94
41 94 83
41 95 70
41 96 13
41 97 14
41 98 59
41 99 82
41 0 83
41 1 81
41 2 11
41 3 66
41 4 38
41 5 92
41 6 14
41 7 98
41 8 82
41 9 75
41 10 81
41 11 79
41 12 36
41 13 10
41 14 32
41 15 89
41 16 92
41 17 63
41 18 34
41 19 35
41 20 84
41 21 24
41 22 90
41 23 19
41 24 17
41 25 24
41 26 88
41 27 82
41 28 38
41 29 98
41 30 63
41 31 72
41 32 78
41 33 74
41 34 37
41 35 68
41 36 17
41 37 3
41 38 65
41 39 51
41 40 29
41 42 45
41 43 29
41 44 16
41 45 6
41 46 60
41 47 56
41 48 97
41 49 74
42 50 42
42 51 83
42 52 57
42 53 65
42 54 24
42 55 27
42 56 34
42 57 48
42 58 15
42 59 15
42 60 85
42 61 12
42 62 77
42 63 8
42 64 42
42 65 2
42 66 96
42 67 9
42 68 19
42 69 98
42 70 25
42 71 69
42 72 78
42 73 21
42 74 49
42 75 94
42 76 26
42 77 60
42 78 49
42 79 22
42 80 34
42 81 90
42 82 56
42 83 42
42 84 7
42 85 80
42 86 21
42 87 40
42 88 79
42 89 35
42 90 54
42 91 63
42 92 98
42 93 82
42 94 22
42 95 91
42 96 84
42 97 17
42 98 51
42 99 2
42 0 67
42 1 75
42 2 22
42 3 44
42 4 95
42 5 70
42 6 37
42 7 72
42 8 81
42 9 38
42 10 45
42 11 66
42 12 79
42 13 1
42 14 60
42 15 85
42 16 32
42 17 80
42 18 24
42 19 10
42 20 14
42 21 29
42 22 24
42 23 63
42 24 11
43 25 45
43 26 54
43 27 94
43 28 13
43 29 56
43 30 47
43 31 79
43 32 83
43 33 68
43 34 23
43 35 29
43 36 89
43 37 11
43 38 1
43 39 69
43 40 48
43 41 45
43 42 35
43 44 79
43 45 97
43 46 94
43 47 63
43 48 28
43 49 73
43 50 39
43 51 89
43 52 38
43 53 67
43 54 12
43 55 100
43 56 77
43 57 8
43 58 5
43 59 70
43 60 21
43 61 61
43 62 68
43 63 99
43 64 43
43 65 35
43 66 21
43 67 23
43 68 23
43 69 32
43 70 23
43 71 44
43 72 31
43 73 68
43 74 30
43 75 9
43 76 16
43 77 23
43 78 24
43 79 44
43 80 47
43 81 62
43 82 84
43 83 84
43 84 28
43 85 96
43 86 35
43 87 57
43 88 3
43 89 92
43 90 26
43 91 75
43 92 52
43 93 46
43 94 74
43 95 46
43 96 80
43 97 46
43 98 68
43 99 55
44 0 29
44 1 43
44 2 50
44 3 12
44 4 62
44 5 79
44 6 20
44 7 77
44 8 1
44 9 95
44 10 72
44 11 99
44 12 56
44 13 56
44 14 34
44 15 36
44 16 3
44 17 68
44 18 92
44 19 57
44 20 59
44 21 69
44 22 32
44 23 62
44 24 14
44 25 57
44 26 59
44 27 46
44 28 2
44 29 79
44 30 100
44 31 31
44 32 21
44 33 49
44 34 42
44 35 82
44 36 79
44 37 13
44 38 58
44 39 31
44 40 8
44 41 82
44 42 29
44 43 15
44 45 37
44 46 14
44 47 50
44 48 39
44 49 33
44 50 93
44 51 95
44 52 92
44 53 62
44 54 78
44 55 5
44 56 75
44 57 34
44 58 16
44 59 72
44 60 36
44 61 94
44 62 23
44 63 18
44 64 14
44 65 71
44 66 11
44 67 47
44 68 1
44 69 75
44 70 56
44 71 31
44 72 34
44 73 37
44 74 11
45 75 49
45 76 25
45 77 24
45 78 50
45 79 63
45 80 57
45 81 43
45 82 10
45 83 100
45 84 56
45 85 39
45 86 4
45 87 82
45 88 73
45 89 19
45 90 54
45 91 60
45 92 64
45 93 76
45 94 29
45 95 77
45 96 99
45 97 39
45 98 75
45 99 99
45 0 13
45 1 31
45 2 82
45 3 99
45 4 67
45 5 92
45 6 47
45 7 92
45 8 16
45 9 48
45 10 6
45 11 72
45 12 42
45 13 67
45 14 71
45 15 97
45 16 6
45 17 26
45 18 31
45 19 78
45 20 97
45 21 36
45 22 89
45 23 60
45 24 11
45 25 17
45 26 89
45 27 61
45 28 55
45 29 63
45 30 12
45 31 19
45 32 93
45 33 93
45 34 17
45 35 12
45 36 84
45 37 15
45 38 3
45 39 99
45 40 15
45 41 60
45 42 22
45 43 56
45 44 27
45 46 92
45 47 5
45 48 84
45 49 18
46 50 87
46 51 61
46 52 66
46 53 22
46 54 1
46 55 25
46 56 32
46 57 17
46 58 13
46 59 45
46 60 23
46 61 76
46 62 56
46 63 41
46 64 20
46 65 48
46 66 10
46 67 31
46 68 31
46 69 76
46 70 85
46 71 82
46 72 90
46 73 97
46 74 3
46 75 98
46 76 23
46 77 47
46 78 54
46 79 6
46 80 64
46 81 40
46 82 18
46 83 29
46 84 61
46 85 18
46 86 5
46 87 44
46 88 34
46 89 18
46 90 88
46 91 8
46 92 45
46 93 95
46 94 100
46 95 64
46 96 42
46 97 9
46 98 47
46 99 25
46 0 37
46 1 83
46 2 6
46 3 78
46 4 79
46 5 8
46 6 27
46 7 1
46 8 54
46 9 80
46 10 58
46 11 69
46 12 71
46 13 27
46 14 49
46 15 83
46 16 44
46 17 6
46 18 79
46 19 29
46 20 23
46 21 18
46 22 36
46 23 19
46 24 13
47 25 36
47 26 34
47 27 54
47 28 96
47 29 80
47 30 78
47 31 84
47 32 15
47 33 35
47 34 62
47 35 93
47 36 95
47 37 88
47 38 46
47 39 100
47 40 20
47 41 3
47 42 69
47 43 90
47 44 82
47 45 69
47 46 73
47 48 25
47 49 74
47 50 51
47 51 6
47 52 48
47 53 68
47 54 93
47 55 66
47 56 80
47 57 28
47 58 52
47 59 86
47 60 76
47 61 83
47 62 15
47 63 59
47 64 97
47 65 50
47 66 72
47 67 90
47 68 44
47 69 60
47 70 35
47 71 43
47 72 79
47 73 89
47 74 63
47 75 20
47 76 70
47 77 84
47 78 92
47 79 47
47 80 57
47 81 94
47 82 4
47 83 57
47 84 62
47 85 96
47 86 22
47 87 93
47 88 76
47 89 73
47 90 78
47 91 51
47 92 8
47 93 45
47 94 61
47 95 4
47 96 94
47 97 33
47 98 45
47 99 89
48 0 44
48 1 79
48 2 83
48 3 74
48 4 20
48 5 98
48 6 93
48 7 41
48 8 81
48 9 85
48 10 39
48 11 89
48 12 78
48 13 42
48 14 45
48 15 91
48 16 90
48 17 19
48 18 84
48 19 65
48 20 43
48 21 13
48 22 67
48 23 50
48 24 9
48 25 27
48 26 54
48 27 54
48 28 11
48 29 98
48 30 42
48 31 54
48 32 29
48 33 77
48 34 27
48 35 100
48 36 74
48 37 20
48 38 92
48 39 54
48 40 56
48 41 31
48 42 94
48 43 85
48 44 24
48 45 39
48 46 76
48 47 13
48 49 57
48 50 11
48 51 77
48 52 99
48 53 75
48 54 43
48 55 1
48 56 84
48 57 22
48 58 54
48 59 37
48 60 84
48 61 3
48 62 31
48 63 38
48 64 83
48 65 59
48 66 16
48 67 82
48 68 32
48 69 87
48 70 74
48 71 37
48 72 94
48 73 56
48 74 30
49 75 79
49 76 79
49 77 20
49 78 6
49 79 92
49 80 76
49 81 68
49 82 20
49 83 27
49 84 42
49 85 15
49 86 27
49 87 77
49 88 88
49 89 32
49 90 66
49 91 71
49 92 86
49 93 48
49 94 8
49 95 69
49 96 6
49 97 76
49 98 50
49 99 89
49 0 14
49 1 75
49 2 25
49 3 8
49 4 30
49 5 6
49 6 38
49 7 61
49 8 26
49 9 43
49 10 4
49 11 53
49 12 62
49 13 23
49 14 31
49 15 55
49 16 89
49 17 9
49 18 84
49 19 76
49 20 92
49 21 49
49 22 47
49 23 78
49 24 48
49 25 6
49 26 46
49 27 5
49 28 33
49 29 47
49 30 93
49 31 47
49 32 22
49 33 69
49 34 6
49 35 3
49 36 74
49 37 43
49 38 63
49 39 51
49 40 37
49 41 66
49 42 56
49 43 98
49 44 41
49 45 86
49 46 4
49 47 29
49 48 95
50 51 87
50 52 57
50 53 38
50 54 35
50 55 3
50 56 15
50 57 34
50 58 60
50 59 12
50 60 38
50 61 93
50 62 59
50 63 30
50 64 39
50 65 32
50 66 50
50 67 44
50 68 34
50 69 76
50 70 38
50 71 49
50 72 26
50 73 74
50 74 14
50 75 81
50 76 23
50 77 6
50 78 19
50 79 26
50 80 87
50 81 65
50 82 13
50 83 43
50 84 2
50 85 99
50 86 97
50 87 69
50 88 33
50 89 56
50 90 80
50 91 22
50 92 100
50 93 38
50 94 52
50 95 38
50 96 21
50 97 1
50 98 33
50 99 55
50 0 76
50 1 70
50 2 55
50 3 54
50 4 95
50 5 68
50 6 86
50 7 69
50 8 26
50 9 4
50 10 95
50 11 12
50 12 20
50 13 59
50 14 6
50 15 22
50 16 9
50 17 54
50 18 42
50 19 93
50 20 9
50 21 21
50 22 15
50 23 9
50 24 11
51 25 66
51 26 98
51 27 31
51 28 18
51 29 83
51 30 37
51 31 46
51 32 52
51 33 91
51 34 99
51 35 99
51 36 11
51 37 84
51 38 67
51 39 36
51 40 40
51 41 13
51 42 99
51 43 11
51 44 23
51 45 56
51 46 84
51 47 32
51 48 9
51 49 25
51 50 24
51 52 69
51 53 46
51 54 38
51 55 29
51 56 56
51 57 55
51 58 27
51 59 86
51 60 73
51 61 61
51 62 75
51 63 70
51 64 12
51 65 65
51 66 68
51 67 62
51 68 75
51 69 3
51 70 81
51 71 10
51 72 94
51 73 45
51 74 60
51 75 5
51 76 68
51 77 15
51 78 88
51 79 51
51 80 75
51 81 65
51 82 74
51 83 44
51 84 10
51 85 64
51 86 72
51 87 17
51 88 18
51 89 50
51 90 54
51 91 42
51 92 10
51 93 28
51 94 11
51 95 74
51 96 93
51 97 30
51 98 35
51 99 19
52 0 85
52 1 67
52 2 81
52 3 78
52 4 12
52 5 40
52 6 34
52 7 79
52 8 7
52 9 74
52 10 29
52 11 81
52 12 38
52 13 54
52 14 24
52 15 99
52 16 17
52 17 48
52 18 15
52 19 87
52 20 97
52 21 20
52 22 80
52 23 59
52 24 100
52 25 43
52 26 32
52 27 92
52 28 24
52 29 18
52 30 62
52 31 8
52 32 37
52 33 42
52 34 38
52 35 48
52 36 34
52 37 23
52 38 78
52 39 40
52 40 96
52 41 6
52 42 20
52 43 85
52 44 11
52 45 96
52 46 83
52 47 80
52 48 95
52 49 49
52 50 18
52 51 43
52 53 21
52 54 97
52 55 1
52 56 20
52 57 91
52 58 84
52 59 63
52 60 15
52 61 54
52 62 24
52 63 74
52 64 90
52 65 66
52 66 63
52 67 37
52 68 99
52 69 86
52 70 14
52 71 90
52 72 81
52 73 71
52 74 61
53 75 66
53 76 33
53 77 8
53 78 100
53 79 12
53 80 2
53 81 1
53 82 29
53 83 45
53 84 21
53 85 78
53 86 97
53 87 40
53 88 68
53 89 81
53 90 54
53 91 34
53 92 34
53 93 77
53 94 60
53 95 75
53 96 94
53 97 22
53 98 11
53 99 92
53 0 7
53 1 76
53 2 81
53 3 88
53 4 98
53 5 94
53 6 5
53 7 30
53 8 1
53 9 56
53 10 94
53 11 3
53 12 56
53 13 22
53 14 99
53 15 28
53 16 51
53 17 95
53 18 67
53 19 19
53 20 75
53 21 20
53 22 4
53 23 60
53 24 49
53 25 63
53 26 34
53 27 42
53 28 37
53 29 96
53 30 86
53 31 43
53 32 23
53 33 18
53 34 82
53 35 72
53 36 11
53 37 38
53 38 54
53 39 12
53 40 94
53 41 47
53 42 66
53 43 1
53 44 20
53 45 64
53 46 29
53 47 71
53 48 58
53 49 47
54 50 41
54 51 85
54 52 19
54 53 44
54 55 44
54 56 67
54 57 59
54 58 30
54 59 60
54 60 95
54 61 25
54 62 45
54 63 89
54 64 100
54 65 63
54 66 23
54 67 71
54 68 25
54 69 60
54 70 24
54 71 88
54 72 53
54 73 70
54 74 53
54 75 54
54 76 90
54 77 16
54 78 82
54 79 12
54 80 26
54 81 80
54 82 52
54 83 10
54 84 98
54 85 47
54 86 53
54 87 64
54 88 57
54 89 34
54 90 24
54 91 3
54 92 11
54 93 20
54 94 92
54 95 10
54 96 34
54 97 14
54 98 80
54 99 59
54 0 73
54 1 56
54 2 46
54 3 78
54 4 77
54 5 99
54 6 83
54 7 18
54 8 66
54 9 16
54 10 29
54 11 91
54 12 95
54 13 80
54 14 100
54 15 93
54 16 27
54 17 5
54 18 8
54 19 83
54 20 38
54 21 31
54 22 86
54 23 48
54 24 51
55 25 29
55 26 9
55 27 84
55 28 94
55 29 89
55 30 94
55 31 66
55 32 96
55 33 40
55 34 95
55 35 72
55 36 90
55 37 77
55 38 90
55 39 55
55 40 44
55 41 18
55 42 98
55 43 39
55 44 50
55 45 97
55 46 83
55 47 28
55 48 53
55 49 90
55 50 62
55 51 91
55 52 73
55 53 99
55 54 90
55 56 75
55 57 27
55 58 99
55 59 10
55 60 20
55 61 39
55 62 4
55 63 38
55 64 34
55 65 95
55 66 84
55 67 57
55 68 36
55 69 13
55 70 46
55 71 42
55 72 56
55 73 16
55 74 39
55 75 46
55 76 17
55 77 88
55 78 28
55 79 44
55 80 40
55 81 70
55 82 5
55 83 82
55 84 42
55 85 4
55 86 72
55 87 68
55 88 82
55 89 22
55 90 77
55 91 54
55 92 60
55 93 32
55 94 91
55 95 45
55 96 26
55 97 74
55 98 1
55 99 61
56 0 86
56 1 99
56 2 55
56 3 94
56 4 66
56 5 93
56 6 39
56 7 34
56 8 80
56 9 67
56 10 77
56 11 20
56 12 88
56 13 33
56 14 1
56 15 29
56 16 88
56 17 24
56 18 96
56 19 70
56 20 45
56 21 24
56 22 23
56 23 56
56 24 56
56 25 65
56 26 52
56 27 33
56 28 38
56 29 5
56 30 94
56 31 76
56 32 55
56 33 48
56 34 69
56 35 20
56 36 92
56 37 59
56 38 53
56 39 72
56 40 77
56 41 81
56 42 43
56 43 64
56 44 13
56 45 95
56 46 44
56 47 1
56 48 71
56 49 91
56 50 22
56 51 67
56 52 15
56 53 44
56 54 23
56 55 70
56 57 60
56 58 74
56 59 2
56 60 49
56 61 78
56 62 47
56 63 24
56 64 32
56 65 46
56 66 44
56 67 3
56 68 38
56 69 3
56 70 7
56 71 61
56 72 31
56 73 87
56 74 55
57 75 95
57 76 52
57 77 49
57 78 38
57 79 4
57 80 71
57 81 29
57 82 25
57 83 38
57 84 95
57 85 20
57 86 60
57 87 64
57 88 79
57 89 85
57 90 17
57 91 27
57 92 15
57 93 64
57 94 3
57 95 98
57 96 61
57 97 98
57 98 53
57 99 98
57 0 100
57 1 59
57 2 10
57 3 83
57 4 98
57 5 64
57 6 77
57 7 49
57 8 65
57 9 66
57 10 52
57 11 35
57 12 46
57 13 28
57 14 72
57 15 92
57 16 47
57 17 83
57 18 55
57 19 25
57 20 20
57 21 24
57 22 3
57 23 86
57 24 87
57 25 5
57 26 83
57 27 47
57 28 3
57 29 35
57 30 97
57 31 54
57 32 94
57 33 6
57 34 36
57 35 43
57 36 22
57 37 64
57 38 91
57 39 86
57 40 82
57 41 94
57 42 72
57 43 79
57 44 21
57 45 44
57 46 71
57 47 19
57 48 78
57 49 77
58 50 95
58 51 49
58 52 100
58 53 97
58 54 34
58 55 38
58 56 54
58 57 17
58 59 37
58 60 56
58 61 3
58 62 33
58 63 61
58 64 48
58 65 90
58 66 49
58 67 90
58 68 11
58 69 64
58 70 32
58 71 48
58 72 45
58 73 25
58 74 20
58 75 76
58 76 97
58 77 15
58 78 98
58 79 15
58 80 44
58 81 74
58 82 9
58 83 93
58 84 26
58 85 58
58 86 26
58 87 63
58 88 11
58 89 94
58 90 99
58 91 18
58 92 97
58 93 31
58 94 78
58 95 44
58 96 73
58 97 78
58 98 86
58 99 83
58 0 42
58 1 17
58 2 31
58 3 38
58 4 94
58 5 2
58 6 13
58 7 90
58 8 16
58 9 10
58 10 57
58 11 59
58 12 36
58 13 17
58 14 51
58 15 61
58 16 74
58 17 29
58 18 23
58 19 36
58 20 22
58 21 22
58 22 53
58 23 70
58 24 4
59 25 83
59 26 14
59 27 76
59 28 60
59 29 51
59 30 11
59 31 1
59 32 67
59 33 93
59 34 39
59 35 60
59 36 94
59 37 3
59 38 2
59 39 61
59 40 13
59 41 10
59 42 19
59 43 48
59 44 26
59 45 22
59 46 8
59 47 52
59 48 50
59 49 82
59 50 87
59 51 23
59 52 55
59 53 92
59 54 93
59 55 59
59 56 74
59 57 58
59 58 86
59 60 33
59 61 8
59 62 48
59 63 86
59 64 26
59 65 40
59 66 76
59 67 38
59 68 85
59 69 78
59 70 91
59 71 45
59 72 90
59 73 100
59 74 16
59 75 89
59 76 25
59 77 89
59 78 48
59 79 76
59 80 90
59 81 82
59 82 15
59 83 12
59 84 36
59 85 6
59 86 56
59 87 94
59 88 31
59 89 65
59 90 32
59 91 15
59 92 24
59 93 79
59 94 100
59 95 50
59 96 71
59 97 75
59 98 39
59 99 55
60 0 5
60 1 29
60 2 52
60 3 94
60 4 28
60 5 67
60 6 35
60 7 4
60 8 55
60 9 34
60 10 32
60 11 96
60 12 15
60 13 46
60 14 7
60 15 51
60 16 3
60 17 15
60 18 96
60 19 33
60 20 79
60 21 79
60 22 99
60 23 55
60 24 58
60 25 99
60 26 56
60 27 28
60 28 25
60 29 94
60 30 34
60 31 29
60 32 22
60 33 85
60 34 75
60 35 1
60 36 3
60 37 61
60 38 4
60 39 9
60 40 94
60 41 35
60 42 4
60 43 61
60 44 80
60 45 63
60 46 63
60 47 34
60 48 77
60 49 58
60 50 66
60 51 7
60 52 37
60 53 17
60 54 61
60 55 46
60 56 67
60 57 16
60 58 25
60 59 91
60 61 9
60 62 58
60 63 72
60 64 82
60 65 43
60 66 98
60 67 82
60 68 45
60 69 58
60 70 86
60 71 54
60 72 3
60 73 20
60 74 9
61 75 15
61 76 52
61 77 71
61 78 77
61 79 85
61 80 99
61 81 87
61 82 3
61 83 6
61 84 75
61 85 19
61 86 18
61 87 20
61 88 85
61 89 86
61 90 44
61 91 27
61 92 46
61 93 1
61 94 50
61 95 28
61 96 95
61 97 47
61 98 61
61 99 92
61 0 56
61 1 46
61 2 45
61 3 11
61 4 18
61 5 5
61 6 25
61 7 21
61 8 76
61 9 54
61 10 5
61 11 74
61 12 40
61 13 59
61 14 31
61 15 14
61 16 29
61 17 49
61 18 33
61 19 65
61 20 34
61 21 28
61 22 92
61 23 79
61 24 80
61 25 93
61 26 58
61 27 75
61 28 40
61 29 19
61 30 66
61 31 47
61 32 16
61 33 62
61 34 57
61 35 33
61 36 66
61 37 34
61 38 5
61 39 41
61 40 87
61 41 62
61 42 67
61 43 78
61 44 20
61 45 97
61 46 91
61 47 49
61 48 97
61 49 75
62 50 65
62 51 30
62 52 2
62 53 56
62 54 61
62 55 81
62 56 49
62 57 18
62 58 7
62 59 40
62 60 36
62 61 72
62 63 38
62 64 52
62 65 85
62 66 47
62 67 36
62 68 51
62 69 80
62 70 41
62 71 43
62 72 18
62 73 2
62 74 9
62 75 47
62 76 73
62 77 58
62 78 89
62 79 73
62 80 54
62 81 63
62 82 38
62 83 36
62 84 16
62 85 45
62 86 96
62 87 48
62 88 45
62 89 13
62 90 55
62 91 36
62 92 49
62 93 78
62 94 74
62 95 52
62 96 63
62 97 20
62 98 39
62 99 65
62 0 51
62 1 31
62 2 7
62 3 20
62 4 84
62 5 68
62 6 66
62 7 57
62 8 77
62 9 54
62 10 81
62 11 30
62 12 68
62 13 70
62 14 65
62 15 35
62 16 15
62 17 60
62 18 82
62 19 11
62 20 25
62 21 88
62 22 47
62 23 73
62 24 18
63 25 72
63 26 76
63 27 80
63 28 91
63 29 14
63 30 44
63 31 93
63 32 45
63 33 2
63 34 12
63 35 80
63 36 21
63 37 29
63 38 36
63 39 97
63 40 34
63 41 69
63 42 27
63 43 53
63 44 38
63 45 43
63 46 87
63 47 52
63 48 55
63 49 68
63 50 15
63 51 79
63 52 8
63 53 61
63 54 3
63 55 25
63 56 84
63 57 78
63 58 56
63 59 26
63 60 43
63 61 99
63 62 18
63 64 39
63 65 52
63 66 81
63 67 19
63 68 73
63 69 61
63 70 6
63 71 69
63 72 94
63 73 74
63 74 47
63 75 46
63 76 12
63 77 90
63 78 32
63 79 15
63 80 96
63 81 51
63 82 29
63 83 74
63 84 10
63 85 41
63 86 76
63 87 34
63 88 24
63 89 5
63 90 89
63 91 49
63 92 99
63 93 39
63 94 18
63 95 38
63 96 91
63 97 98
63 98 8
63 99 15
64 0 58
64 1 13
64 2 83
64 3 3
64 4 87
64 5 82
64 6 48
64 7 50
64 8 23
64 9 31
64 10 16
64 11 18
64 12 34
64 13 45
64 14 43
64 15 43
64 16 37
64 17 70
64 18 29
64 19 61
64 20 74
64 21 17
64 22 61
64 23 24
64 24 8
64 25 79
64 26 61
64 27 98
64 28 76
64 29 68
64 30 12
64 31 86
64 32 33
64 33 46
64 34 88
64 35 71
64 36 27
64 37 88
64 38 20
64 39 1
64 40 70
64 41 35
64 42 18
64 43 55
64 44 31
64 45 60
64 46 98
64 47 68
64 48 29
64 49 26
64 50 80
64 51 54
64 52 94
64 53 40
64 54 78
64 55 1
64 56 18
64 57 90
64 58 50
64 59 46
64 60 10
64 61 13
64 62 31
64 63 42
64 65 11
64 66 70
64 67 64
64 68 37
64 69 9
64 70 35
64 71 90
64 72 79
64 73 21
64 74 7
65 75 85
65 76 52
65 77 19
65 78 82
65 79 71
65 80 99
65 81 59
65 82 50
65 83 53
65 84 5
65 85 89
65 86 82
65 87 57
65 88 59
65 89 23
65 90 7
65 91 4
65 92 32
65 93 19
65 94 86
65 95 25
65 96 29
65 97 7
65 98 88
65 99 18
65 0 16
65 1 22
65 2 7
65 3 46
65 4 43
65 5 65
65 6 30
65 7 94
65 8 83
65 9 64
65 10 16
65 11 34
65 12 74
65 13 65
65 14 86
65 15 30
65 16 5
65 17 19
65 18 87
65 19 63
65 20 41
65 21 93
65 22 18
65 23 25
65 24 63
65 25 55
65 26 49
65 27 44
65 28 62
65 29 37
65 30 13
65 31 29
65 32 58
65 33 71
65 34 26
65 35 100
65 36 35
65 37 55
65 38 45
65 39 70
65 40 70
65 41 12
65 42 3
65 43 96
65 44 76
65 45 40
65 46 25
65 47 33
65 48 58
65 49 11
66 50 47
66 51 50
66 52 55
66 53 65
66 54 74
66 55 18
66 56 71
66 57 23
66 58 61
66 59 32
66 60 11
66 61 25
66 62 12
66 63 68
66 64 95
66 65 37
66 67 20
66 68 29
66 69 44
66 70 16
66 71 50
66 72 13
66 73 80
66 74 52
66 75 60
66 76 55
66 77 43
66 78 85
66 79 39
66 80 52
66 81 47
66 82 86
66 83 2
66 84 2
66 85 2
66 86 27
66 87 71
66 88 72
66 89 1
66 90 83
66 91 56
66 92 11
66 93 7
66 94 67
66 95 31
66 96 1
66 97 4
66 98 2
66 99 81
66 0 47
66 1 69
66 2 31
66 3 11
66 4 48
66 5 82
66 6 71
66 7 55
66 8 25
66 9 7
66 10 93
66 11 76
66 12 53
66 13 78
66 14 29
66 15 6
66 16 31
66 17 56
66 18 76
66 19 3
66 20 8
66 21 58
66 22 58
66 23 19
66 24 64
67 25 76
67 26 1
67 27 64
67 28 79
67 29 2
67 30 45
67 31 77
67 32 70
67 33 75
67 34 40
67 35 18
67 36 8
67 37 62
67 38 72
67 39 84
67 40 68
67 41 16
67 42 12
67 43 72
67 44 46
67 45 92
67 46 78
67 47 76
67 48 99
67 49 53
67 50 78
67 51 7
67 52 11
67 53 87
67 54 77
67 55 26
67 56 63
67 57 77
67 58 90
67 59 93
67 60 78
67 61 86
67 62 22
67 63 47
67 64 12
67 65 61
67 66 16
67 68 71
67 69 22
67 70 39
67 71 7
67 72 89
67 73 55
67 74 18
67 75 60
67 76 100
67 77 61
67 78 89
67 79 27
67 80 60
67 81 42
67 82 5
67 83 66
67 84 4
67 85 43
67 86 42
67 87 29
67 88 57
67 89 18
67 90 70
67 91 50
67 92 47
67 93 7
67 94 71
67 95 45
67 96 18
67 97 31
67 98 61
67 99 41
68 0 4
68 1 99
68 2 47
68 3 92
68 4 5
68 5 16
68 6 3
68 7 56
68 8 76
68 9 44
68 10 83
68 11 35
68 12 85
68 13 87
68 14 52
68 15 88
68 16 81
68 17 45
68 18 68
68 19 38
68 20 62
68 21 38
68 22 87
68 23 8
68 24 44
68 25 9
68 26 5
68 27 14
68 28 39
68 29 65
68 30 6
68 31 94
68 32 15
68 33 4
68 34 37
68 35 20
68 36 19
68 37 91
68 38 75
68 39 46
68 40 34
68 41 57
68 42 81
68 43 18
68 44 95
68 45 84
68 46 57
68 47 76
68 48 29
68 49 77
68 50 13
68 51 42
68 52 14
68 53 51
68 54 2
68 55 9
68 56 59
68 57 6
68 58 74
68 59 49
68 60 70
68 61 79
68 62 42
68 63 84
68 64 82
68 65 78
68 66 55
68 67 52
68 69 68
68 70 82
68 71 98
68 72 54
68 73 38
68 74 30
69 75 71
69 76 85
69 77 13
69 78 80
69 79 60
69 80 93
69 81 56
69 82 24
69 83 35
69 84 21
69 85 26
69 86 36
69 87 29
69 88 36
69 89 41
69 90 55
69 91 36
69 92 10
69 93 85
69 94 77
69 95 45
69 96 67
69 97 6
69 98 52
69 99 70
69 0 25
69 1 33
69 2 67
69 3 78
69 4 22
69 5 48
69 6 1
69 7 6
69 8 61
69 9 80
69 10 17
69 11 53
69 12 87
69 13 92
69 14 39
69 15 7
69 16 17
69 17 74
69 18 87
69 19 4
69 20 14
69 21 41
69 22 39
69 23 75
69 24 26
69 25 67
69 26 72
69 27 44
69 28 72
69 29 75
69 30 65
69 31 49
69 32 7
69 33 32
69 34 78
69 35 28
69 36 31
69 37 78
69 38 86
69 39 91
69 40 9
69 41 2
69 42 96
69 43 47
69 44 94
69 45 34
69 46 53
69 47 62
69 48 60
69 49 92
70 50 66
70 51 25
70 52 84
70 53 4
70 54 100
70 55 61
70 56 71
70 57 23
70 58 56
70 59 94
70 60 97
70 61 21
70 62 94
70 63 3
70 64 4
70 65 72
70 66 82
70 67 34
70 68 1
70 69 67
70 71 77
70 72 62
70 73 21
70 74 24
70 75 8
70 76 66
70 77 9
70 78 13
70 79 79
70 80 68
70 81 56
70 82 96
70 83 93
70 84 39
70 85 100
70 86 44
70 87 100
70 88 22
70 89 66
70 90 55
70 91 67
70 92 62
70 93 27
70 94 61
70 95 16
70 96 30
70 97 84
70 98 49
70 99 64
70 0 84
70 1 68
70 2 40
70 3 97
70 4 88
70 5 63
70 6 5
70 7 5
70 8 71
70 9 69
70 10 83
70 11 39
70 12 24
70 13 79
70 14 83
70 15 62
70 16 30
70 17 26
70 18 13
70 19 3
70 20 91
70 21 20
70 22 21
70 23 4
70 24 46
71 25 81
71 26 71
71 27 76
71 28 16
71 29 19
71 30 39
71 31 52
71 32 86
71 33 78
71 34 48
71 35 25
71 36 92
71 37 52
71 38 29
71 39 62
71 40 20
71 41 64
71 42 52
71 43 95
71 44 94
71 45 34
71 46 57
71 47 75
71 48 59
71 49 69
71 50 29
71 51 1
71 52 40
71 53 49
71 54 56
71 55 86
71 56 30
71 57 26
71 58 61
71 59 97
71 60 45
71 61 51
71 62 48
71 63 30
71 64 28
71 65 96
71 66 7
71 67 71
71 68 99
71 69 87
71 70 84
71 72 71
71 73 2
71 74 36
71 75 65
71 76 95
71 77 21
71 78 21
71 79 21
71 80 32
71 81 42
71 82 49
71 83 32
71 84 81
71 85 98
71 86 88
71 87 66
71 88 79
71 89 13
71 90 78
71 91 75
71 92 9
71 93 28
71 94 23
71 95 91
71 96 7
71 97 70
71 98 97
71 99 77
72 0 68
72 1 83
72 2 61
72 3 38
72 4 85
72 5 48
72 6 3
72 7 31
72 8 68
72 9 75
72 10 52
72 11 99
72 12 16
72 13 52
72 14 83
72 15 49
72 16 49
72 17 22
72 18 66
72 19 27
72 20 86
72 21 44
72 22 54
72 23 95
72 24 23
72 25 28
72 26 85
72 27 30
72 28 97
72 29 81
72 30 58
72 31 64
72 32 15
72 33 70
72 34 54
72 35 51
72 36 17
72 37 56
72 38 82
72 39 37
72 40 30
72 41 85
72 42 87
72 43 98
72 44 36
72 45 69
72 46 46
72 47 37
72 48 42
72 49 63
72 50 15
72 51 28
72 52 6
72 53 68
72 54 22
72 55 29
72 56 95
72 57 58
72 58 10
72 59 91
72 60 38
72 61 67
72 62 7
72 63 4
72 64 89
72 65 60
72 66 55
72 67 5
72 68 67
72 69 88
72 70 93
72 71 96
72 73 72
72 74 80
73 75 45
73 76 59
73 77 48
73 78 42
73 79 47
73 80 90
73 81 5
73 82 62
73 83 69
73 84 10
73 85 29
73 86 42
73 87 90
73 88 24
73 89 99
73 90 51
73 91 66
73 92 88
73 93 70
73 94 72
73 95 91
73 96 58
73 97 83
73 98 45
73 99 14
73 0 49
73 1 84
73 2 7
73 3 97
73 4 7
73 5 86
73 6 41
73 7 66
73 8 85
73 9 83
73 10 12
73 11 26
73 12 87
73 13 25
73 14 94
73 15 48
73 16 54
73 17 35
73 18 38
73 19 29
73 20 33
73 21 88
73 22 94
73 23 20
73 24 9
73 25 18
73 26 63
73 27 66
73 28 100
73 29 59
73 30 80
73 31 1
73 32 43
73 33 86
73 34 97
73 35 49
73 36 23
73 37 37
73 38 66
73 39 7
73 40 19
73 41 30
73 42 33
73 43 57
73 44 54
73 45 78
73 46 5
73 47 7
73 48 13
73 49 94
74 50 87
74 51 97
74 52 33
74 53 33
74 54 69
74 55 42
74 56 50
74 57 83
74 58 7
74 59 1
74 60 41
74 61 86
74 62 1
74 63 83
74 64 23
74 65 49
74 66 84
74 67 45
74 68 86
74 69 49
74 70 4
74 71 56
74 72 30
74 73 36
74 75 13
74 76 84
74 77 13
74 78 17
74 79 42
74 80 77
74 81 10
74 82 29
74 83 26
74 84 42
74 85 61
74 86 46
74 87 35
74 88 62
74 89 28
74 90 42
74 91 14
74 92 68
74 93 79
74 94 67
74 95 3
74 96 54
74 97 15
74 98 38
74 99 98
74 0 52
74 1 86
74 2 1
74 3 8
74 4 68
74 5 88
74 6 72
74 7 51
74 8 53
74 9 88
74 10 44
74 11 81
74 12 49
74 13 72
74 14 6
74 15 42
74 16 84
74 17 3
74 18 77
74 19 97
74 20 30
74 21 18
74 22 11
74 23 50
74 24 48
75 25 77
75 26 4
75 27 1
75 28 43
75 29 41
75 30 51
75 31 95
75 32 78
75 33 3
75 34 2
75 35 45
75 36 43
75 37 73
75 38 95
75 39 95
75 40 12
75 41 39
75 42 75
75 43 12
75 44 62
75 45 33
75 46 53
75 47 98
75 48 35
75 49 81
75 50 94
75 51 17
75 52 50
75 53 56
75 54 66
75 55 98
75 56 32
75 57 69
75 58 50
75 59 27
75 60 61
75 61 100
75 62 21
75 63 38
75 64 55
75 65 74
75 66 83
75 67 97
75 68 98
75 69 29
75 70 43
75 71 61
75 72 19
75 73 17
75 74 72
75 76 33
75 77 1
75 78 76
75 79 30
75 80 88
75 81 57
75 82 75
75 83 4
75 84 6
75 85 31
75 86 21
75 87 55
75 88 14
75 89 41
75 90 5
75 91 40
75 92 1
75 93 56
75 94 60
75 95 38
75 96 62
75 97 85
75 98 20
75 99 58
76 0 82
76 1 49
76 2 100
76 3 94
76 4 19
76 5 69
76 6 65
76 7 51
76 8 21
76 9 41
76 10 80
76 11 8
76 12 49
76 13 55
76 14 63
76 15 54
76 16 85
76 17 83
76 18 61
76 19 98
76 20 23
76 21 17
76 22 90
76 23 75
76 24 72
76 25 1
76 26 13
76 27 34
76 28 86
76 29 84
76 30 43
76 31 19
76 32 84
76 33 95
76 34 13
76 35 3
76 36 63
76 37 77
76 38 53
76 39 35
76 40 69
76 41 33
76 42 43
76 43 17
76 44 39
76 45 5
76 46 23
76 47 75
76 48 40
76 49 35
76 50 24
76 51 62
76 52 51
76 53 13
76 54 37
76 55 74
76 56 14
76 57 1
76 58 59
76 59 99
76 60 84
76 61 2
76 62 69
76 63 68
76 64 48
76 65 81
76 66 70
76 67 10
76 68 10
76 69 74
76 70 44
76 71 30
76 72 58
76 73 38
76 74 99
77 75 96
77 76 43
77 78 21
77 79 22
77 80 34
77 81 55
77 82 46
77 83 95
77 84 57
77 85 58
77 86 83
77 87 30
77 88 23
77 89 35
77 90 89
77 91 73
77 92 19
77 93 42
77 94 42
77 95 86
77 96 89
77 97 74
77 98 7
77 99 98
77 0 83
77 1 80
77 2 93
77 3 13
77 4 38
77 5 83
77 6 11
77 7 85
77 8 77
77 9 83
77 10 7
77 11 10
77 12 89
77 13 52
77 14 56
77 15 45
77 16 61
77 17 39
77 18 26
77 19 84
77 20 73
77 21 14
77 22 56
77 23 43
77 24 55
77 25 97
77 26 80
77 27 43
77 28 71
77 29 86
77 30 92
77 31 5
77 32 18
77 33 37
77 34 69
77 35 7
77 36 19
77 37 31
77 38 91
77 39 95
77 40 13
77 41 49
77 42 4
77 43 53
77 44 52
77 45 59
77 46 49
77 47 13
77 48 49
77 49 75
78 50 48
78 51 74
78 52 88
78 53 3
78 54 68
78 55 95
78 56 52
78 57 48
78 58 37
78 59 74
78 60 85
78 61 81
78 62 30
78 63 54
78 64 17
78 65 99
78 66 60
78 67 35
78 68 29
78 69 3
78 70 81
78 71 94
78 72 3
78 73 36
78 74 98
78 75 55
78 76 46
78 77 47
78 79 19
78 80 95
78 81 21
78 82 66
78 83 20
78 84 60
78 85 20
78 86 87
78 87 6
78 88 23
78 89 86
78 90 95
78 91 96
78 92 71
78 93 75
78 94 78
78 95 24
78 96 91
78 97 76
78 98 36
78 99 77
78 0 56
78 1 90
78 2 9
78 3 49
78 4 92
78 5 44
78 6 47
78 7 46
78 8 89
78 9 45
78 10 64
78 11 35
78 12 17
78 13 81
78 14 54
78 15 76
78 16 1
78 17 93
78 18 34
78 19 23
78 20 78
78 21 28
78 22 71
78 23 100
78 24 2
79 25 48
79 26 76
79 27 44
79 28 75
79 29 11
79 30 72
79 31 30
79 32 100
79 33 80
79 34 31
79 35 43
79 36 75
79 37 29
79 38 89
79 39 63
79 40 25
79 41 4
79 42 50
79 43 41
79 44 37
79 45 3
79 46 68
79 47 37
79 48 47
79 49 1
79 50 11
79 51 77
79 52 28
79 53 81
79 54 76
79 55 81
79 56 80
79 57 51
79 58 24
79 59 54
79 60 13
79 61 95
79 62 36
79 63 64
79 64 26
79 65 18
79 66 7
79 67 100
79 68 98
79 69 95
79 70 15
79 71 22
79 72 50
79 73 64
79 74 62
79 75 86
79 76 66
79 77 29
79 78 74
79 80 65
79 81 82
79 82 85
79 83 41
79 84 61
79 85 17
79 86 68
79 87 42
79 88 97
79 89 71
79 90 65
79 91 2
79 92 83
79 93 12
79 94 89
79 95 47
79 96 89
79 97 6
79 98 5
79 99 89
80 0 3
80 1 51
80 2 3
80 3 76
80 4 100
80 5 66
80 6 37
80 7 38
80 8 83
80 9 18
80 10 11
80 11 99
80 12 51
80 13 47
80 14 91
80 15 11
80 16 64
80 17 59
80 18 52
80 19 12
80 20 81
80 21 69
80 22 65
80 23 15
80 24 32
80 25 54
80 26 61
80 27 20
80 28 59
80 29 17
80 30 60
80 31 14
80 32 67
80 33 62
80 34 41
80 35 67
80 36 79
80 37 78
80 38 56
80 39 14
80 40 47
80 41 18
80 42 12
80 43 49
80 44 65
80 45 3
80 46 59
80 47 80
80 48 13
80 49 63
80 50 91
80 51 93
80 52 31
80 53 55
80 54 7
80 55 14
80 56 60
80 57 20
80 58 33
80 59 71
80 60 36
80 61 93
80 62 36
80 63 3
80 64 6
80 65 76
80 66 21
80 67 37
80 68 5
80 69 76
80 70 50
80 71 51
80 72 45
80 73 61
80 74 51
81 75 9
81 76 63
81 77 10
81 78 88
81 79 75
81 80 72
81 82 30
81 83 67
81 84 54
81 85 37
81 86 74
81 87 67
81 88 96
81 89 45
81 90 51
81 91 66
81 92 80
81 93 95
81 94 1
81 95 82
81 96 1
81 97 77
81 98 54
81 99 37
81 0 81
81 1 81
81 2 38
81 3 84
81 4 26
81 5 98
81 6 34
81 7 34
81 8 61
81 9 95
81 10 74
81 11 87
81 12 66
81 13 55
81 14 6
81 15 71
81 16 91
81 17 31
81 18 37
81 19 39
81 20 75
81 21 88
81 22 4
81 23 54
81 24 82
81 25 57
81 26 88
81 27 34
81 28 85
81 29 41
81 30 22
81 31 17
81 32 74
81 33 59
81 34 52
81 35 99
81 36 57
81 37 86
81 38 84
81 39 69
81 40 32
81 41 57
81 42 7
81 43 50
81 44 64
81 45 12
81 46 20
81 47 54
81 48 42
81 49 9
82 50 44
82 51 68
82 52 48
82 53 100
82 54 74
82 55 29
82 56 56
82 57 61
82 58 15
82 59 92
82 60 53
82 61 88
82 62 8
82 63 26
82 64 47
82 65 60
82 66 76
82 67 55
82 68 97
82 69 60
82 70 75
82 71 28
82 72 16
82 73 81
82 74 29
82 75 31
82 76 45
82 77 49
82 78 85
82 79 38
82 80 9
82 81 80
82 83 58
82 84 56
82 85 79
82 86 31
82 87 36
82 88 86
82 89 43
82 90 50
82 91 77
82 92 95
82 93 90
82 94 85
82 95 73
82 96 88
82 97 96
82 98 48
82 99 42
82 0 92
82 1 59
82 2 68
82 3 71
82 4 27
82 5 100
82 6 52
82 7 57
82 8 96
82 9 100
82 10 93
82 11 34
82 12 60
82 13 73
82 14 91
82 15 15
82 16 51
82 17 73
82 18 50
82 19 37
82 20 15
82 21 52
82 22 13
82 23 9
82 24 41
83 25 49
83 26 33
83 27 28
83 28 44
83 29 33
83 30 21
83 31 87
83 32 91
83 33 40
83 34 10
83 35 17
83 36 39
83 37 61
83 38 74
83 39 35
83 40 12
83 41 66
83 42 20
83 43 71
83 44 38
83 45 62
83 46 85
83 47 41
83 48 34
83 49 86
83 50 77
83 51 48
83 52 37
83 53 41
83 54 8
83 55 29
83 56 42
83 57 41
83 58 8
83 59 85
83 60 25
83 61 28
83 62 24
83 63 15
83 64 19
83 65 33
83 66 84
83 67 58
83 68 93
83 69 57
83 70 44
83 71 4
83 72 74
83 73 15
83 74 26
83 75 64
83 76 76
83 77 10
83 78 4
83 79 61
83 80 95
83 81 32
83 82 60
83 84 84
83 85 24
83 86 67
83 87 12
83 88 65
83 89 59
83 90 20
83 91 50
83 92 83
83 93 99
83 94 25
83 95 50
83 96 70
83 97 57
83 98 33
83 99 27
84 0 1
84 1 41
84 2 22
84 3 56
84 4 66
84 5 88
84 6 81
84 7 29
84 8 15
84 9 90
84 10 32
84 11 75
84 12 36
84 13 15
84 14 34
84 15 19
84 16 39
84 17 52
84 18 83
84 19 3
84 20 11
84 21 54
84 22 4
84 23 45
84 24 4
84 25 28
84 26 94
84 27 73
84 28 36
84 29 78
84 30 51
84 31 36
84 32 70
84 33 24
84 34 91
84 35 36
84 36 11
84 37 23
84 38 64
84 39 25
84 40 12
84 41 48
84 42 51
84 43 100
84 44 62
84 45 84
84 46 18
84 47 52
84 48 36
84 49 52
84 50 7
84 51 98
84 52 5
84 53 10
84 54 42
84 55 9
84 56 90
84 57 88
84 58 33
84 59 25
84 60 17
84 61 84
84 62 13
84 63 87
84 64 59
84 65 55
84 66 22
84 67 70
84 68 78
84 69 37
84 70 46
84 71 41
84 72 84
84 73 97
84 74 40
85 75 98
85 76 32
85 77 58
85 78 1
85 79 19
85 80 61
85 81 7
85 82 16
85 83 66
85 84 17
85 86 10
85 87 26
85 88 58
85 89 49
85 90 10
85 91 82
85 92 65
85 93 45
85 94 46
85 95 51
85 96 4
85 97 1
85 98 24
85 99 25
85 0 78
85 1 13
85 2 70
85 3 18
85 4 96
85 5 66
85 6 58
85 7 45
85 8 98
85 9 67
85 10 46
85 11 16
85 12 79
85 13 4
85 14 32
85 15 44
85 16 20
85 17 93
85 18 21
85 19 77
85 20 41
85 21 31
85 22 11
85 23 5
85 24 27
85 25 56
85 26 8
85 27 30
85 28 8
85 29 83
85 30 54
85 31 37
85 32 95
85 33 24
85 34 55
85 35 43
85 36 41
85 37 64
85 38 39
85 39 38
85 40 82
85 41 84
85 42 54
85 43 60
85 44 40
85 45 37
85 46 56
85 47 59
85 48 81
85 49 28
86 50 88
86 51 21
86 52 10
86 53 50
86 54 77
86 55 37
86 56 57
86 57 36
86 58 18
86 59 65
86 60 19
86 61 24
86 62 1
86 63 65
86 64 99
86 65 7
86 66 7
86 67 39
86 68 22
86 69 46
86 70 77
86 71 55
86 72 81
86 73 82
86 74 67
86 75 20
86 76 70
86 77 74
86 78 31
86 79 50
86 80 1
86 81 70
86 82 22
86 83 63
86 84 19
86 85 98
86 87 99
86 88 27
86 89 34
86 90 68
86 91 43
86 92 4
86 93 91
86 94 44
86 95 68
86 96 89
86 97 2
86 98 75
86 99 80
86 0 76
86 1 72
86 2 56
86 3 30
86 4 52
86 5 89
86 6 48
86 7 24
86 8 10
86 9 21
86 10 54
86 11 59
86 12 74
86 13 23
86 14 80
86 15 36
86 16 93
86 17 29
86 18 86
86 19 19
86 20 14
86 21 53
86 22 62
86 23 17
86 24 96
87 25 57
87 26 85
87 27 36
87 28 10
87 29 11
87 30 15
87 31 85
87 32 82
87 33 22
87 34 67
87 35 33
87 36 10
87 37 14
87 38 8
87 39 19
87 40 87
87 41 61
87 42 29
87 43 60
87 44 35
87 45 60
87 46 47
87 47 79
87 48 89
87 49 32
87 50 50
87 51 2
87 52 36
87 53 63
87 54 19
87 55 31
87 56 71
87 57 55
87 58 19
87 59 80
87 60 65
87 61 33
87 62 17
87 63 46
87 64 55
87 65 35
87 66 30
87 67 16
87 68 100
87 69 38
87 70 87
87 71 86
87 72 50
87 73 15
87 74 97
87 75 37
87 76 75
87 77 43
87 78 67
87 79 15
87 80 74
87 81 68
87 82 68
87 83 62
87 84 30
87 85 38
87 86 92
87 88 52
87 89 92
87 90 62
87 91 32
87 92 56
87 93 95
87 94 100
87 95 53
87 96 1
87 97 86
87 98 35
87 99 16
88 0 85
88 1 72
88 2 2
88 3 23
88 4 73
88 5 69
88 6 19
88 7 61
88 8 43
88 9 62
88 10 28
88 11 9
88 12 87
88 13 95
88 14 76
88 15 48
88 16 77
88 17 66
88 18 92
88 19 28
88 20 57
88 21 53
88 22 11
88 23 65
88 24 99
88 25 10
88 26 69
88 27 99
88 28 47
88 29 3
88 30 67
88 31 32
88 32 26
88 33 20
88 34 54
88 35 99
88 36 88
88 37 24
88 38 59
88 39 82
88 40 37
88 41 38
88 42 90
88 43 24
88 44 85
88 45 18
88 46 23
88 47 61
88 48 83
88 49 66
88 50 40
88 51 91
88 52 71
88 53 51
88 54 7
88 55 69
88 56 12
88 57 76
88 58 20
88 59 59
88 60 78
88 61 86
88 62 90
88 63 4
88 64 5
88 65 95
88 66 54
88 67 45
88 68 70
88 69 64
88 70 26
88 71 7
88 72 2
88 73 68
88 74 82
89 75 38
89 76 85
89 77 4
89 78 98
89 79 19
89 80 70
89 81 37
89 82 61
89 83 40
89 84 39
89 85 68
89 86 60
89 87 51
89 88 95
89 90 79
89 91 9
89 92 72
89 93 16
89 94 50
89 95 27
89 96 73
89 97 96
89 98 32
89 99 17
89 0 65
89 1 96
89 2 94
89 3 71
89 4 97
89 5 61
89 6 52
89 7 86
89 8 97
89 9 8
89 10 83
89 11 67
89 12 29
89 13 71
89 14 28
89 15 20
89 16 10
89 17 47
89 18 79
89 19 60
89 20 41
89 21 10
89 22 20
89 23 64
89 24 25
89 25 21
89 26 43
89 27 49
89 28 16
89 29 74
89 30 17
89 31 80
89 32 69
89 33 11
89 34 51
89 35 17
89 36 23
89 37 54
89 38 2
89 39 72
89 40 61
89 41 36
89 42 90
89 43 89
89 44 7
89 45 17
89 46 60
89 47 68
89 48 15
89 49 39
90 50 79
90 51 7
90 52 48
90 53 98
90 54 71
90 55 24
90 56 70
90 57 13
90 58 25
90 59 85
90 60 86
90 61 41
90 62 16
90 63 7
90 64 3
90 65 66
90 66 23
90 67 78
90 68 72
90 69 25
90 70 49
90 71 84
90 72 12
90 73 38
90 74 25
90 75 18
90 76 7
90 77 84
90 78 37
90 79 73
90 80 22
90 81 15
90 82 80
90 83 21
90 84 64
90 85 50
90 86 97
90 87 33
90 88 14
90 89 21
90 91 69
90 92 51
90 93 13
90 94 85
90 95 57
90 96 68
90 97 2
90 98 32
90 99 45
90 0 73
90 1 56
90 2 45
90 3 57
90 4 67
90 5 34
90 6 33
90 7 37
90 8 92
90 9 16
90 10 73
90 11 65
90 12 38
90 13 40
90 14 96
90 15 10
90 16 3
90 17 97
90 18 58
90 19 88
90 20 10
90 21 30
90 22 56
90 23 12
90 24 43
91 25 40
91 26 69
91 27 62
91 28 42
91 29 100
91 30 58
91 31 66
91 32 7
91 33 2
91 34 74
91 35 25
91 36 87
91 37 6
91 38 13
91 39 79
91 40 22
91 41 38
91 42 95
91 43 11
91 44 77
91 45 90
91 46 72
91 47 31
91 48 86
91 49 30
91 50 18
91 51 47
91 52 59
91 53 74
91 54 58
91 55 53
91 56 65
91 57 78
91 58 14
91 59 58
91 60 77
91 61 71
91 62 24
91 63 35
91 64 24
91 65 97
91 66 12
91 67 11
91 68 3
91 69 24
91 70 41
91 71 76
91 72 61
91 73 87
91 74 86
91 75 37
91 76 76
91 77 57
91 78 20
91 79 13
91 80 38
91 81 37
91 82 11
91 83 97
91 84 62
91 85 68
91 86 1
91 87 27
91 88 46
91 89 67
91 90 84
91 92 74
91 93 89
91 94 59
91 95 61
91 96 13
91 97 56
91 98 72
91 99 75
92 0 10
92 1 95
92 2 67
92 3 37
92 4 8
92 5 53
92 6 22
92 7 96
92 8 80
92 9 30
92 10 15
92 11 92
92 12 20
92 13 52
92 14 2
92 15 68
92 16 65
92 17 21
92 18 68
92 19 91
92 20 18
92 21 34
92 22 27
92 23 92
92 24 23
92 25 85
92 26 52
92 27 87
92 28 92
92 29 75
92 30 61
92 31 1
92 32 69
92 33 79
92 34 89
92 35 76
92 36 31
92 37 10
92 38 24
92 39 10
92 40 92
92 41 38
92 42 53
92 43 63
92 44 41
92 45 54
92 46 30
92 47 6
92 48 26
92 49 97
92 50 96
92 51 44
92 52 31
92 53 74
92 54 35
92 55 5
92 56 59
92 57 38
92 58 91
92 59 50
92 60 12
92 61 3
92 62 3
92 63 32
92 64 81
92 65 91
92 66 60
92 67 63
92 68 53
92 69 83
92 70 72
92 71 96
92 72 72
92 73 24
92 74 58
93 75 13
93 76 29
93 77 39
93 78 18
93 79 54
93 80 35
93 81 65
93 82 49
93 83 17
93 84 39
93 85 35
93 86 21
93 87 49
93 88 72
93 89 63
93 90 50
93 91 35
93 92 65
93 94 4
93 95 19
93 96 97
93 97 95
93 98 78
93 99 59
93 0 99
93 1 12
93 2 82
93 3 46
93 4 83
93 5 5
93 6 3
93 7 95
93 8 85
93 9 93
93 10 64
93 11 91
93 12 27
93 13 29
93 14 39
93 15 96
93 16 19
93 17 74
93 18 16
93 19 19
93 20 97
93 21 31
93 22 68
93 23 84
93 24 47
93 25 72
93 26 2
93 27 44
93 28 18
93 29 31
93 30 2
93 31 16
93 32 94
93 33 84
93 34 61
93 35 28
93 36 40
93 37 15
93 38 23
93 39 77
93 40 7
93 41 38
93 42 67
93 43 85
93 44 18
93 45 57
93 46 80
93 47 36
93 48 82
93 49 48
94 50 6
94 51 31
94 52 78
94 53 74
94 54 14
94 55 24
94 56 97
94 57 67
94 58 19
94 59 14
94 60 49
94 61 73
94 62 81
94 63 94
94 64 56
94 65 93
94 66 21
94 67 47
94 68 7
94 69 43
94 70 75
94 71 65
94 72 33
94 73 93
94 74 1
94 75 50
94 76 50
94 77 81
94 78 38
94 79 83
94 80 80
94 81 43
94 82 13
94 83 57
94 84 68
94 85 26
94 86 32
94 87 64
94 88 44
94 89 51
94 90 77
94 91 44
94 92 23
94 93 57
94 95 37
94 96 30
94 97 49
94 98 58
94 99 28
94 0 7
94 1 52
94 2 3
94 3 23
94 4 84
94 5 95
94 6 24
94 7 34
94 8 96
94 9 56
94 10 23
94 11 79
94 12 87
94 13 17
94 14 91
94 15 43
94 16 85
94 17 69
94 18 26
94 19 48
94 20 12
94 21 28
94 22 77
94 23 56
94 24 2
95 25 33
95 26 44
95 27 83
95 28 34
95 29 1
95 30 11
95 31 40
95 32 53
95 33 65
95 34 15
95 35 36
95 36 11
95 37 90
95 38 21
95 39 7
95 40 97
95 41 95
95 42 85
95 43 83
95 44 12
95 45 27
95 46 77
95 47 96
95 48 95
95 49 2
95 50 95
95 51 59
95 52 30
95 53 71
95 54 66
95 55 83
95 56 4
95 57 9
95 58 66
95 59 89
95 60 10
95 61 28
95 62 80
95 63 14
95 64 92
95 65 94
95 66 1
95 67 2
95 68 83
95 69 22
95 70 60
95 71 79
95 72 16
95 73 96
95 74 13
95 75 79
95 76 23
95 77 89
95 78 74
95 79 69
95 80 91
95 81 69
95 82 27
95 83 72
95 84 39
95 85 44
95 86 54
95 87 94
95 88 5
95 89 71
95 90 82
95 91 14
95 92 98
95 93 62
95 94 79
95 96 41
95 97 7
95 98 79
95 99 95
96 0 42
96 1 52
96 2 54
96 3 72
96 4 20
96 5 50
96 6 85
96 7 98
96 8 24
96 9 73
96 10 72
96 11 44
96 12 63
96 13 92
96 14 71
96 15 86
96 16 82
96 17 66
96 18 92
96 19 76
96 20 70
96 21 62
96 22 9
96 23 35
96 24 12
96 25 22
96 26 13
96 27 52
96 28 29
96 29 92
96 30 46
96 31 70
96 32 95
96 33 52
96 34 93
96 35 14
96 36 53
96 37 77
96 38 12
96 39 76
96 40 50
96 41 83
96 42 19
96 43 64
96 44 26
96 45 41
96 46 2
96 47 7
96 48 59
96 49 93
96 50 82
96 51 28
96 52 6
96 53 43
96 54 63
96 55 17
96 56 64
96 57 27
96 58 21
96 59 92
96 60 70
96 61 18
96 62 13
96 63 65
96 64 69
96 65 6
96 66 78
96 67 21
96 68 34
96 69 89
96 70 48
96 71 35
96 72 23
96 73 19
96 74 99
97 75 48
97 76 11
97 77 52
97 78 55
97 79 69
97 80 44
97 81 88
97 82 97
97 83 1
97 84 30
97 85 11
97 86 70
97 87 46
97 88 37
97 89 90
97 90 89
97 91 7
97 92 7
97 93 2
97 94 23
97 95 28
97 96 59
97 98 100
97 99 100
97 0 44
97 1 89
97 2 48
97 3 79
97 4 11
97 5 18
97 6 29
97 7 11
97 8 28
97 9 80
97 10 17
97 11 49
97 12 75
97 13 56
97 14 45
97 15 75
97 16 38
97 17 7
97 18 96
97 19 83
97 20 95
97 21 37
97 22 71
97 23 53
97 24 96
97 25 24
97 26 75
97 27 23
97 28 34
97 29 75
97 30 22
97 31 78
97 32 63
97 33 21
97 34 56
97 35 25
97 36 38
97 37 84
97 38 87
97 39 66
97 40 63
97 41 3
97 42 14
97 43 37
97 44 11
97 45 10
97 46 63
97 47 48
97 48 68
97 49 11
98 50 30
98 51 62
98 52 47
98 53 52
98 54 15
98 55 42
98 56 76
98 57 89
98 58 64
98 59 9
98 60 63
98 61 38
98 62 86
98 63 77
98 64 58
98 65 93
98 66 54
98 67 96
98 68 76
98 69 92
98 70 13
98 71 90
98 72 47
98 73 78
98 74 78
98 75 57
98 76 39
98 77 93
98 78 4
98 79 6
98 80 3
98 81 85
98 82 19
98 83 49
98 84 36
98 85 33
98 86 91
98 87 63
98 88 74
98 89 6
98 90 72
98 91 88
98 92 43
98 93 9
98 94 17
98 95 1
98 96 2
98 97 22
98 99 96
98 0 29
98 1 13
98 2 60
98 3 19
98 4 59
98 5 37
98 6 96
98 7 67
98 8 27
98 9 88
98 10 22
98 11 32
98 12 42
98 13 58
98 14 50
98 15 91
98 16 94
98 17 35
98 18 81
98 19 8
98 20 8
98 21 86
98 22 31
98 23 95
98 24 29
99 25 92
99 26 63
99 27 81
99 28 93
99 29 84
99 30 76
99 31 73
99 32 97
99 33 87
99 34 91
99 35 7
99 36 23
99 37 39
99 38 74
99 39 1
99 40 78
99 41 47
99 42 32
99 43 20
99 44 5
99 45 33
99 46 62
99 47 98
99 48 19
99 49 42
99 50 57
99 51 26
99 52 79
99 53 88
99 54 73
99 55 59
99 56 79
99 57 35
99 58 39
99 59 23
99 60 19
99 61 66
99 62 95
99 63 67
99 64 52
99 65 38
99 66 73
99 67 26
99 68 28
99 69 98
99 70 26
99 71 57
99 72 45
99 73 9
99 74 28
99 75 49
99 76 42
99 77 89
99 78 98
99 79 60
99 80 82
99 81 54
99 82 38
99 83 61
99 84 93
99 85 62
99 86 71
99 87 71
99 88 96
99 89 10
99 90 45
99 91 66
99 92 27
99 93 92
99 94 32
99 95 79
99 96 29
99 97 57
99 98 4
7
