100 4950
0 1 87
0 2 35
0 3 31
0 4 57
0 5 71
0 6 40
0 7 52
0 8 76
0 9 6
0 10 3
0 11 33
0 12 31
0 13 75
0 14 77
0 15 34
0 16 37
0 17 35
0 18 90
0 19 4
0 20 6
0 21 87
0 22 55
0 23 61
0 24 53
0 25 89
0 26 13
0 27 37
0 28 15
0 29 96
0 30 39
0 31 20
0 32 82
0 33 25
0 34 2
0 35 90
0 36 47
0 37 41
0 38 93
0 39 23
0 40 98
0 41 47
0 42 7
0 43 29
0 44 21
0 45 84
0 46 14
0 47 58
0 48 70
0 49 55
1 50 61
1 51 75
1 52 41
1 53 15
1 54 88
1 55 93
1 56 55
1 57 52
1 58 30
1 59 69
1 60 48
1 61 20
1 62 89
1 63 81
1 64 44
1 65 90
1 66 23
1 67 90
1 68 83
1 69 15
1 70 12
1 71 80
1 72 62
1 73 71
1 74 8
1 75 34
1 76 54
1 77 21
1 78 43
1 79 75
1 80 28
1 81 56
1 82 1
1 83 68
1 84 70
1 85 88
1 86 61
1 87 77
1 88 40
1 89 42
1 90 97
1 91 87
1 92 61
1 93 85
1 94 19
1 95 56
1 96 27
1 97 41
1 98 45
1 99 9
2 0 56
2 1 9
2 3 88
2 4 69
2 5 79
2 6 48
2 7 2
2 8 84
2 9 20
2 10 97
2 11 58
2 12 47
2 13 52
2 14 10
2 15 15
2 16 21
2 17 98
2 18 27
2 19 49
2 20 89
2 21 68
2 22 46
2 23 27
2 24 80
2 25 82
2 26 45
2 27 35
2 28 8
2 29 86
2 30 31
2 31 16
2 32 93
2 33 91
2 34 4
2 35 13
2 36 21
2 37 51
2 38 66
2 39 4
2 40 70
2 41 62
2 42 13
2 43 69
2 44 13
2 45 75
2 46 83
2 47 86
2 48 72
2 49 61
3 50 34
3 51 60
3 52 80
3 53 79
3 54 86
3 55 59
3 56 61
3 57 82
3 58 45
3 59 20
3 60 67
3 61 27
3 62 36
3 63 11
3 64 18
3 65 91
3 66 23
3 67 38
3 68 93
3 69 89
3 70 94
3 71 14
3 72 50
3 73 58
3 74 82
3 75 15
3 76 32
3 77 16
3 78 100
3 79 55
3 80 76
3 81 33
3 82 14
3 83 55
3 84 64
3 85 51
3 86 65
3 87 76
3 88 33
3 89 9
3 90 95
3 91 51
3 92 88
3 93 82
3 94 14
3 95 5
3 96 72
3 97 88
3 98 94
3 99 16
4 0 28
4 1 39
4 2 30
4 3 30
4 5 97
4 6 11
4 7 44
4 8 80
4 9 79
4 10 43
4 11 35
4 12 54
4 13 27
4 14 100
4 15 9
4 16 90
4 17 3
4 18 73
4 19 17
4 20 87
4 21 34
4 22 64
4 23 89
4 24 21
4 25 45
4 26 2
4 27 77
4 28 69
4 29 90
4 30 22
4 31 84
4 32 69
4 33 61
4 34 65
4 35 98
4 36 9
4 37 28
4 38 41
4 39 88
4 40 6
4 41 83
4 42 74
4 43 11
4 44 10
4 45 26
4 46 19
4 47 51
4 48 28
4 49 44
5 50 68
5 51 14
5 52 29
5 53 31
5 54 2
5 55 1
5 56 27
5 57 56
5 58 77
5 59 47
5 60 97
5 61 98
5 62 83
5 63 65
5 64 10
5 65 47
5 66 63
5 67 18
5 68 26
5 69 55
5 70 58
5 71 31
5 72 38
5 73 83
5 74 94
5 75 99
5 76 8
5 77 12
5 78 49
5 79 87
5 80 7
5 81 68
5 82 52
5 83 87
5 84 50
5 85 54
5 86 87
5 87 77
5 88 61
5 89 15
5 90 23
5 91 57
5 92 65
5 93 57
5 94 73
5 95 26
5 96 4
5 97 35
5 98 96
5 99 81
6 0 90
6 1 53
6 2 64
6 3 79
6 4 87
6 5 57
6 7 29
6 8 47
6 9 20
6 10 77
6 11 33
6 12 79
6 13 97
6 14 85
6 15 65
6 16 46
6 17 90
6 18 4
6 19 74
6 20 2
6 21 18
6 22 49
6 23 58
6 24 34
6 25 5
6 26 30
6 27 60
6 28 60
6 29 17
6 30 55
6 31 41
6 32 58
6 33 59
6 34 4
6 35 88
6 36 45
6 37 60
6 38 16
6 39 43
6 40 79
6 41 44
6 42 76
6 43 57
6 44 40
6 45 12
6 46 74
6 47 38
6 48 53
6 49 77
7 50 11
7 51 54
7 52 46
7 53 11
7 54 11
7 55 80
7 56 16
7 57 92
7 58 91
7 59 27
7 60 60
7 61 45
7 62 67
7 63 17
7 64 3
7 65 22
7 66 4
7 67 99
7 68 33
7 69 19
7 70 42
7 71 64
7 72 63
7 73 69
7 74 72
7 75 54
7 76 32
7 77 45
7 78 43
7 79 84
7 80 73
7 81 6
7 82 37
7 83 19
7 84 16
7 85 99
7 86 50
7 87 83
7 88 90
7 89 40
7 90 10
7 91 50
7 92 36
7 93 28
7 94 18
7 95 38
7 96 50
7 97 22
7 98 88
7 99 34
8 0 92
8 1 81
8 2 97
8 3 6
8 4 49
8 5 69
8 6 12
8 7 80
8 9 13
8 10 54
8 11 15
8 12 38
8 13 59
8 14 51
8 15 56
8 16 27
8 17 49
8 18 57
8 19 9
8 20 91
8 21 96
8 22 70
8 23 92
8 24 31
8 25 98
8 26 9
8 27 20
8 28 99
8 29 82
8 30 59
8 31 32
8 32 26
8 33 40
8 34 81
8 35 31
8 36 40
8 37 49
8 38 94
8 39 72
8 40 13
8 41 48
8 42 86
8 43 50
8 44 58
8 45 37
8 46 57
8 47 84
8 48 37
8 49 13
9 50 45
9 51 27
9 52 8
9 53 14
9 54 18
9 55 90
9 56 63
9 57 79
9 58 9
9 59 13
9 60 60
9 61 68
9 62 97
9 63 85
9 64 59
9 65 77
9 66 68
9 67 98
9 68 25
9 69 13
9 70 69
9 71 37
9 72 60
9 73 55
9 74 39
9 75 70
9 76 43
9 77 95
9 78 53
9 79 79
9 80 8
9 81 97
9 82 6
9 83 67
9 84 63
9 85 75
9 86 57
9 87 25
9 88 53
9 89 17
9 90 38
9 91 13
9 92 84
9 93 34
9 94 49
9 95 42
9 96 10
9 97 68
9 98 40
9 99 86
10 0 81
10 1 60
10 2 74
10 3 92
10 4 14
10 5 12
10 6 61
10 7 56
10 8 7
10 9 66
10 11 87
10 12 66
10 13 14
10 14 92
10 15 32
10 16 76
10 17 66
10 18 88
10 19 1
10 20 71
10 21 5
10 22 90
10 23 35
10 24 40
10 25 23
10 26 83
10 27 34
10 28 84
10 29 3
10 30 25
10 31 21
10 32 35
10 33 84
10 34 94
10 35 26
10 36 50
10 37 58
10 38 39
10 39 57
10 40 64
10 41 56
10 42 43
10 43 81
10 44 69
10 45 34
10 46 12
10 47 97
10 48 52
10 49 52
11 50 97
11 51 22
11 52 8
11 53 38
11 54 56
11 55 99
11 56 12
11 57 90
11 58 32
11 59 95
11 60 44
11 61 56
11 62 15
11 63 78
11 64 92
11 65 60
11 66 56
11 67 41
11 68 17
11 69 46
11 70 97
11 71 32
11 72 1
11 73 92
11 74 12
11 75 21
11 76 77
11 77 76
11 78 17
11 79 28
11 80 79
11 81 65
11 82 1
11 83 38
11 84 2
11 85 8
11 86 36
11 87 65
11 88 50
11 89 20
11 90 59
11 91 93
11 92 27
11 93 25
11 94 71
11 95 18
11 96 37
11 97 78
11 98 10
11 99 53
12 0 23
12 1 59
12 2 37
12 3 75
12 4 50
12 5 48
12 6 47
12 7 26
12 8 75
12 9 16
12 10 6
12 11 5
12 13 80
12 14 6
12 15 42
12 16 34
12 17 66
12 18 30
12 19 50
12 20 15
12 21 1
12 22 9
12 23 59
12 24 27
12 25 85
12 26 81
12 27 97
12 28 73
12 29 58
12 30 6
12 31 26
12 32 32
12 33 16
12 34 62
12 35 58
12 36 65
12 37 61
12 38 5
12 39 43
12 40 88
12 41 20
12 42 48
12 43 44
12 44 51
12 45 5
12 46 38
12 47 36
12 48 70
12 49 67
13 50 86
13 51 36
13 52 19
13 53 46
13 54 95
13 55 45
13 56 82
13 57 75
13 58 93
13 59 55
13 60 85
13 61 51
13 62 32
13 63 16
13 64 66
13 65 45
13 66 74
13 67 83
13 68 57
13 69 30
13 70 25
13 71 44
13 72 49
13 73 72
13 74 88
13 75 51
13 76 28
13 77 25
13 78 87
13 79 50
13 80 43
13 81 24
13 82 85
13 83 13
13 84 69
13 85 31
13 86 57
13 87 2
13 88 58
13 89 2
13 90 56
13 91 42
13 92 52
13 93 87
13 94 9
13 95 17
13 96 31
13 97 34
13 98 99
13 99 40
14 0 63
14 1 75
14 2 83
14 3 11
14 4 46
14 5 22
14 6 14
14 7 26
14 8 98
14 9 100
14 10 75
14 11 92
14 12 75
14 13 59
14 15 4
14 16 95
14 17 42
14 18 13
14 19 96
14 20 99
14 21 14
14 22 52
14 23 40
14 24 65
14 25 90
14 26 48
14 27 33
14 28 73
14 29 82
14 30 84
14 31 12
14 32 96
14 33 58
14 34 46
14 35 59
14 36 56
14 37 68
14 38 72
14 39 81
14 40 17
14 41 23
14 42 55
14 43 9
14 44 97
14 45 65
14 46 64
14 47 91
14 48 6
14 49 76
15 50 86
15 51 4
15 52 89
15 53 89
15 54 95
15 55 5
15 56 31
15 57 95
15 58 90
15 59 3
15 60 28
15 61 73
15 62 66
15 63 23
15 64 30
15 65 11
15 66 81
15 67 85
15 68 30
15 69 52
15 70 65
15 71 47
15 72 26
15 73 19
15 74 7
15 75 22
15 76 84
15 77 70
15 78 64
15 79 41
15 80 46
15 81 50
15 82 45
15 83 86
15 84 90
15 85 39
15 86 43
15 87 20
15 88 33
15 89 32
15 90 74
15 91 60
15 92 4
15 93 39
15 94 83
15 95 85
15 96 50
15 97 15
15 98 22
15 99 79
16 0 67
16 1 86
16 2 25
16 3 92
16 4 57
16 5 31
16 6 66
16 7 92
16 8 53
16 9 29
16 10 32
16 11 50
16 12 30
16 13 28
16 14 87
16 15 72
16 17 67
16 18 29
16 19 91
16 20 51
16 21 12
16 22 65
16 23 63
16 24 15
16 25 3
16 26 97
16 27 52
16 28 4
16 29 11
16 30 73
16 31 83
16 32 29
16 33 10
16 34 59
16 35 73
16 36 66
16 37 42
16 38 38
16 39 9
16 40 94
16 41 18
16 42 93
16 43 43
16 44 100
16 45 20
16 46 29
16 47 71
16 48 38
16 49 10
17 50 13
17 51 41
17 52 21
17 53 29
17 54 3
17 55 88
17 56 32
17 57 99
17 58 39
17 59 87
17 60 9
17 61 63
17 62 69
17 63 90
17 64 72
17 65 28
17 66 62
17 67 90
17 68 21
17 69 51
17 70 98
17 71 14
17 72 20
17 73 42
17 74 8
17 75 19
17 76 14
17 77 88
17 78 89
17 79 51
17 80 97
17 81 54
17 82 43
17 83 70
17 84 82
17 85 45
17 86 57
17 87 65
17 88 95
17 89 47
17 90 52
17 91 4
17 92 9
17 93 72
17 94 45
17 95 80
17 96 51
17 97 6
17 98 69
17 99 71
18 0 8
18 1 19
18 2 84
18 3 27
18 4 60
18 5 43
18 6 46
18 7 73
18 8 31
18 9 86
18 10 76
18 11 79
18 12 91
18 13 18
18 14 48
18 15 73
18 16 15
18 17 4
18 19 37
18 20 9
18 21 50
18 22 40
18 23 64
18 24 58
18 25 12
18 26 8
18 27 90
18 28 62
18 29 65
18 30 58
18 31 33
18 32 72
18 33 76
18 34 68
18 35 51
18 36 88
18 37 11
18 38 48
18 39 12
18 40 41
18 41 33
18 42 39
18 43 19
18 44 76
18 45 9
18 46 19
18 47 48
18 48 23
18 49 22
19 50 36
19 51 83
19 52 24
19 53 76
19 54 47
19 55 81
19 56 39
19 57 6
19 58 70
19 59 100
19 60 71
19 61 80
19 62 84
19 63 94
19 64 7
19 65 52
19 66 44
19 67 46
19 68 14
19 69 91
19 70 58
19 71 6
19 72 76
19 73 96
19 74 76
19 75 51
19 76 56
19 77 94
19 78 50
19 79 78
19 80 16
19 81 85
19 82 61
19 83 91
19 84 12
19 85 59
19 86 23
19 87 2
19 88 64
19 89 45
19 90 2
19 91 86
19 92 24
19 93 37
19 94 32
19 95 82
19 96 40
19 97 75
19 98 28
19 99 53
20 0 18
20 1 37
20 2 58
20 3 45
20 4 84
20 5 86
20 6 95
20 7 40
20 8 79
20 9 96
20 10 69
20 11 46
20 12 80
20 13 81
20 14 36
20 15 44
20 16 39
20 17 59
20 18 45
20 19 55
20 21 3
20 22 98
20 23 40
20 24 78
20 25 35
20 26 71
20 27 11
20 28 26
20 29 98
20 30 38
20 31 31
20 32 67
20 33 74
20 34 40
20 35 11
20 36 58
20 37 25
20 38 57
20 39 49
20 40 4
20 41 52
20 42 17
20 43 49
20 44 83
20 45 98
20 46 37
20 47 26
20 48 88
20 49 47
21 50 71
21 51 42
21 52 1
21 53 20
21 54 34
21 55 30
21 56 6
21 57 56
21 58 40
21 59 32
21 60 53
21 61 78
21 62 62
21 63 19
21 64 3
21 65 53
21 66 29
21 67 12
21 68 78
21 69 85
21 70 60
21 71 81
21 72 88
21 73 77
21 74 81
21 75 71
21 76 26
21 77 69
21 78 96
21 79 13
21 80 15
21 81 18
21 82 7
21 83 67
21 84 38
21 85 40
21 86 96
21 87 95
21 88 95
21 89 36
21 90 78
21 91 48
21 92 65
21 93 91
21 94 18
21 95 67
21 96 44
21 97 99
21 98 79
21 99 21
22 0 35
22 1 90
22 2 53
22 3 23
22 4 18
22 5 33
22 6 93
22 7 43
22 8 54
22 9 88
22 10 8
22 11 20
22 12 58
22 13 14
22 14 87
22 15 47
22 16 53
22 17 82
22 18 41
22 19 99
22 20 69
22 21 19
22 23 98
22 24 33
22 25 61
22 26 16
22 27 100
22 28 4
22 29 66
22 30 30
22 31 24
22 32 100
22 33 19
22 34 76
22 35 22
22 36 37
22 37 61
22 38 14
22 39 31
22 40 66
22 41 54
22 42 38
22 43 85
22 44 11
22 45 3
22 46 71
22 47 57
22 48 55
22 49 5
23 50 49
23 51 54
23 52 73
23 53 19
23 54 51
23 55 58
23 56 80
23 57 18
23 58 57
23 59 83
23 60 83
23 61 38
23 62 59
23 63 83
23 64 56
23 65 86
23 66 56
23 67 44
23 68 98
23 69 70
23 70 75
23 71 63
23 72 75
23 73 64
23 74 48
23 75 37
23 76 67
23 77 70
23 78 45
23 79 73
23 80 26
23 81 93
23 82 26
23 83 99
23 84 64
23 85 29
23 86 56
23 87 43
23 88 98
23 89 64
23 90 77
23 91 81
23 92 53
23 93 35
23 94 15
23 95 8
23 96 21
23 97 70
23 98 4
23 99 18
24 0 91
24 1 78
24 2 81
24 3 65
24 4 93
24 5 80
24 6 1
24 7 59
24 8 1
24 9 45
24 10 32
24 11 27
24 12 90
24 13 9
24 14 77
24 15 53
24 16 89
24 17 84
24 18 95
24 19 87
24 20 47
24 21 71
24 22 67
24 23 99
24 25 6
24 26 81
24 27 58
24 28 78
24 29 50
24 30 61
24 31 47
24 32 41
24 33 90
24 34 27
24 35 57
24 36 83
24 37 58
24 38 58
24 39 93
24 40 59
24 41 2
24 42 76
24 43 85
24 44 43
24 45 85
24 46 61
24 47 95
24 48 73
24 49 96
25 50 89
25 51 59
25 52 94
25 53 12
25 54 77
25 55 92
25 56 69
25 57 57
25 58 1
25 59 46
25 60 59
25 61 14
25 62 92
25 63 51
25 64 55
25 65 71
25 66 7
25 67 89
25 68 28
25 69 16
25 70 82
25 71 38
25 72 70
25 73 9
25 74 74
25 75 12
25 76 93
25 77 86
25 78 7
25 79 18
25 80 81
25 81 95
25 82 28
25 83 74
25 84 58
25 85 5
25 86 17
25 87 26
25 88 13
25 89 70
25 90 71
25 91 23
25 92 83
25 93 15
25 94 73
25 95 89
25 96 85
25 97 32
25 98 78
25 99 64
26 0 47
26 1 11
26 2 2
26 3 16
26 4 19
26 5 27
26 6 28
26 7 64
26 8 13
26 9 34
26 10 81
26 11 93
26 12 80
26 13 60
26 14 19
26 15 38
26 16 64
26 17 35
26 18 63
26 19 29
26 20 4
26 21 86
26 22 51
26 23 38
26 24 100
26 25 24
26 27 27
26 28 84
26 29 55
26 30 56
26 31 99
26 32 53
26 33 66
26 34 100
26 35 69
26 36 36
26 37 79
26 38 48
26 39 99
26 40 91
26 41 81
26 42 31
26 43 35
26 44 12
26 45 43
26 46 53
26 47 49
26 48 6
26 49 40
27 50 64
27 51 34
27 52 95
27 53 49
27 54 85
27 55 85
27 56 48
27 57 60
27 58 11
27 59 83
27 60 66
27 61 18
27 62 81
27 63 18
27 64 83
27 65 33
27 66 38
27 67 70
27 68 11
27 69 85
27 70 21
27 71 53
27 72 65
27 73 3
27 74 39
27 75 29
27 76 45
27 77 92
27 78 77
27 79 51
27 80 83
27 81 92
27 82 36
27 83 77
27 84 40
27 85 72
27 86 13
27 87 39
27 88 83
27 89 23
27 90 73
27 91 48
27 92 92
27 93 6
27 94 18
27 95 26
27 96 90
27 97 55
27 98 96
27 99 100
28 0 92
28 1 16
28 2 4
28 3 8
28 4 18
28 5 42
28 6 36
28 7 15
28 8 85
28 9 65
28 10 17
28 11 19
28 12 56
28 13 52
28 14 48
28 15 48
28 16 76
28 17 60
28 18 38
28 19 10
28 20 35
28 21 11
28 22 10
28 23 26
28 24 16
28 25 27
28 26 52
28 27 5
28 29 33
28 30 47
28 31 56
28 32 76
28 33 14
28 34 11
28 35 84
28 36 83
28 37 4
28 38 19
28 39 97
28 40 89
28 41 35
28 42 13
28 43 7
28 44 91
28 45 17
28 46 54
28 47 90
28 48 44
28 49 66
29 50 27
29 51 53
29 52 100
29 53 37
29 54 62
29 55 25
29 56 4
29 57 40
29 58 76
29 59 60
29 60 25
29 61 22
29 62 67
29 63 100
29 64 87
29 65 77
29 66 83
29 67 70
29 68 33
29 69 54
29 70 18
29 71 21
29 72 88
29 73 83
29 74 79
29 75 30
29 76 99
29 77 85
29 78 19
29 79 94
29 80 50
29 81 46
29 82 46
29 83 49
29 84 34
29 85 60
29 86 25
29 87 90
29 88 51
29 89 1
29 90 49
29 91 75
29 92 74
29 93 68
29 94 27
29 95 61
29 96 96
29 97 9
29 98 82
29 99 28
30 0 14
30 1 99
30 2 100
30 3 2
30 4 81
30 5 79
30 6 83
30 7 31
30 8 15
30 9 2
30 10 24
30 11 16
30 12 47
30 13 22
30 14 64
30 15 32
30 16 33
30 17 88
30 18 21
30 19 83
30 20 40
30 21 22
30 22 10
30 23 14
30 24 89
30 25 36
30 26 26
30 27 84
30 28 96
30 29 7
30 31 64
30 32 10
30 33 57
30 34 63
30 35 63
30 36 38
30 37 93
30 38 45
30 39 68
30 40 59
30 41 46
30 42 44
30 43 74
30 44 44
30 45 65
30 46 89
30 47 76
30 48 97
30 49 29
31 50 96
31 51 31
31 52 68
31 53 17
31 54 40
31 55 33
31 56 57
31 57 75
31 58 58
31 59 93
31 60 71
31 61 64
31 62 8
31 63 32
31 64 21
31 65 70
31 66 94
31 67 10
31 68 15
31 69 90
31 70 29
31 71 73
31 72 88
31 73 72
31 74 47
31 75 31
31 76 88
31 77 35
31 78 58
31 79 36
31 80 63
31 81 6
31 82 67
31 83 83
31 84 74
31 85 6
31 86 15
31 87 31
31 88 33
31 89 73
31 90 75
31 91 3
31 92 88
31 93 82
31 94 86
31 95 60
31 96 3
31 97 31
31 98 21
31 99 17
32 0 20
32 1 50
32 2 90
32 3 7
32 4 73
32 5 88
32 6 90
32 7 61
32 8 74
32 9 47
32 10 96
32 11 37
32 12 4
32 13 62
32 14 71
32 15 78
32 16 20
32 17 85
32 18 8
32 19 52
32 20 9
32 21 34
32 22 6
32 23 49
32 24 15
32 25 91
32 26 60
32 27 17
32 28 21
32 29 33
32 30 86
32 31 92
32 33 82
32 34 75
32 35 51
32 36 54
32 37 14
32 38 40
32 39 66
32 40 87
32 41 38
32 42 62
32 43 23
32 44 42
32 45 75
32 46 45
32 47 19
32 48 94
32 49 82
33 50 78
33 51 45
33 52 42
33 53 63
33 54 50
33 55 42
33 56 77
33 57 92
33 58 2
33 59 45
33 60 12
33 61 34
33 62 30
33 63 56
33 64 67
33 65 56
33 66 6
33 67 72
33 68 69
33 69 45
33 70 38
33 71 56
33 72 34
33 73 99
33 74 30
33 75 27
33 76 73
33 77 75
33 78 97
33 79 19
33 80 56
33 81 26
33 82 63
33 83 97
33 84 88
33 85 65
33 86 39
33 87 64
33 88 56
33 89 92
33 90 9
33 91 20
33 92 77
33 93 90
33 94 75
33 95 43
33 96 46
33 97 80
33 98 14
33 99 14
34 0 76
34 1 51
34 2 69
34 3 61
34 4 1
34 5 99
34 6 88
34 7 26
34 8 25
34 9 84
34 10 44
34 11 80
34 12 10
34 13 58
34 14 28
34 15 97
34 16 22
34 17 18
34 18 13
34 19 30
34 20 61
34 21 73
34 22 49
34 23 37
34 24 62
34 25 23
34 26 31
34 27 7
34 28 54
34 29 45
34 30 73
34 31 29
34 32 47
34 33 41
34 35 89
34 36 48
34 37 91
34 38 28
34 39 25
34 40 15
34 41 12
34 42 68
34 43 46
34 44 73
34 45 25
34 46 74
34 47 69
34 48 99
34 49 43
35 50 33
35 51 28
35 52 4
35 53 5
35 54 76
35 55 92
35 56 67
35 57 50
35 58 23
35 59 25
35 60 3
35 61 67
35 62 97
35 63 83
35 64 65
35 65 90
35 66 71
35 67 12
35 68 80
35 69 99
35 70 88
35 71 47
35 72 62
35 73 55
35 74 92
35 75 34
35 76 32
35 77 17
35 78 54
35 79 30
35 80 60
35 81 87
35 82 9
35 83 15
35 84 91
35 85 84
35 86 6
35 87 9
35 88 85
35 89 28
35 90 86
35 91 87
35 92 46
35 93 34
35 94 69
35 95 11
35 96 23
35 97 91
35 98 22
35 99 55
36 0 41
36 1 62
36 2 1
36 3 2
36 4 16
36 5 44
36 6 35
36 7 99
36 8 61
36 9 89
36 10 80
36 11 72
36 12 27
36 13 88
36 14 86
36 15 17
36 16 23
36 17 91
36 18 78
36 19 7
36 20 71
36 21 63
36 22 93
36 23 16
36 24 96
36 25 13
36 26 26
36 27 19
36 28 4
36 29 100
36 30 25
36 31 96
36 32 61
36 33 25
36 34 98
36 35 28
36 37 68
36 38 84
36 39 27
36 40 80
36 41 24
36 42 6
36 43 51
36 44 50
36 45 94
36 46 36
36 47 67
36 48 16
36 49 79
37 50 96
37 51 75
37 52 1
37 53 58
37 54 19
37 55 16
37 56 53
37 57 32
37 58 94
37 59 23
37 60 87
37 61 93
37 62 47
37 63 82
37 64 5
37 65 23
37 66 79
37 67 32
37 68 43
37 69 15
37 70 58
37 71 22
37 72 38
37 73 16
37 74 25
37 75 88
37 76 61
37 77 12
37 78 6
37 79 76
37 80 42
37 81 1
37 82 2
37 83 42
37 84 58
37 85 21
37 86 58
37 87 62
37 88 52
37 89 3
37 90 85
37 91 90
37 92 95
37 93 83
37 94 71
37 95 99
37 96 58
37 97 2
37 98 82
37 99 100
38 0 16
38 1 92
38 2 73
38 3 53
38 4 7
38 5 97
38 6 40
38 7 67
38 8 9
38 9 97
38 10 94
38 11 50
38 12 97
38 13 96
38 14 44
38 15 54
38 16 16
38 17 53
38 18 16
38 19 19
38 20 55
38 21 52
38 22 8
38 23 1
38 24 86
38 25 30
38 26 51
38 27 43
38 28 31
38 29 32
38 30 94
38 31 98
38 32 23
38 33 19
38 34 3
38 35 81
38 36 15
38 37 94
38 39 47
38 40 75
38 41 91
38 42 93
38 43 77
38 44 87
38 45 40
38 46 72
38 47 41
38 48 55
38 49 24
39 50 8
39 51 25
39 52 78
39 53 11
39 54 32
39 55 30
39 56 96
39 57 61
39 58 80
39 59 91
39 60 44
39 61 11
39 62 84
39 63 93
39 64 86
39 65 2
39 66 95
39 67 66
39 68 69
39 69 89
39 70 65
39 71 95
39 72 79
39 73 9
39 74 23
39 75 17
39 76 48
39 77 94
39 78 9
39 79 54
39 80 17
39 81 68
39 82 78
39 83 46
39 84 78
39 85 9
39 86 75
39 87 26
39 88 21
39 89 54
39 90 16
39 91 16
39 92 17
39 93 51
39 94 9
39 95 2
39 96 5
39 97 3
39 98 19
39 99 73
40 0 43
40 1 35
40 2 19
40 3 73
40 4 43
40 5 42
40 6 90
40 7 90
40 8 87
40 9 98
40 10 95
40 11 56
40 12 66
40 13 72
40 14 1
40 15 95
40 16 32
40 17 28
40 18 20
40 19 53
40 20 33
40 21 87
40 22 68
40 23 49
40 24 38
40 25 76
40 26 2
40 27 42
40 28 31
40 29 73
40 30 66
40 31 73
40 32 7
40 33 84
40 34 46
40 35 50
40 36 77
40 37 35
40 38 91
40 39 16
40 41 84
40 42 86
40 43 71
40 44 1
40 45 57
40 46 23
40 47 48
40 48 41
40 49 50
41 50 67
41 51 45
41 52 35
41 53 54
41 54 12
41 55 83
41 56 91
41 57 40
41 58 37
41 59 84
41 60 22
41 61 9
41 62 49
41 63 94
41 64 67
41 65 32
41 66 39
41 67 16
41 68 61
41 69 25
41 70 59
41 71 76
41 72 61
41 73 44
41 74 46
41 75 13
41 76 52
41 77 20
41 78 60
41 79 44
41 80 70
41 81 79
41 82 88
41 83 56
41 84 32
41 85 100
41 86 90
41 87 74
41 88 91
41 89 26
41 90 57
41 91 12
41 92 86
41 93 57
41 94 57
41 95 53
41 96 40
41 97 96
41 98 20
41 99 100
42 0 72
42 1 78
42 2 75
42 3 84
42 4 73
42 5 72
42 6 97
42 7 77
42 8 92
42 9 56
42 10 20
42 11 13
42 12 34
42 13 8
42 14 68
42 15 17
42 16 59
42 17 57
42 18 42
42 19 1
42 20 35
42 21 50
42 22 12
42 23 20
42 24 6
42 25 68
42 26 72
42 27 46
42 28 15
42 29 44
42 30 45
42 31 39
42 32 21
42 33 72
42 34 22
42 35 94
42 36 95
42 37 18
42 38 22
42 39 86
42 40 74
42 41 41
42 43 50
42 44 59
42 45 48
42 46 69
42 47 76
42 48 58
42 49 26
43 50 17
43 51 58
43 52 12
43 53 67
43 54 21
43 55 31
43 56 24
43 57 41
43 58 55
43 59 69
43 60 55
43 61 98
43 62 66
43 63 45
43 64 70
43 65 37
43 66 19
43 67 15
43 68 31
43 69 36
43 70 36
43 71 69
43 72 61
43 73 29
43 74 70
43 75 20
43 76 76
43 77 39
43 78 47
43 79 86
43 80 16
43 81 15
43 82 43
43 83 27
43 84 81
43 85 64
43 86 9
43 87 5
43 88 4
43 89 63
43 90 25
43 91 10
43 92 12
43 93 90
43 94 7
43 95 34
43 96 26
43 97 25
43 98 48
43 99 9
44 0 12
44 1 36
44 2 29
44 3 73
44 4 64
44 5 98
44 6 44
44 7 91
44 8 36
44 9 90
44 10 76
44 11 51
44 12 56
44 13 71
44 14 77
44 15 37
44 16 34
44 17 38
44 18 93
44 19 89
44 20 100
44 21 69
44 22 50
44 23 64
44 24 59
44 25 56
44 26 97
44 27 36
44 28 32
44 29 96
44 30 96
44 31 44
44 32 31
44 33 24
44 34 16
44 35 94
44 36 22
44 37 11
44 38 85
44 39 9
44 40 52
44 41 12
44 42 12
44 43 7
44 45 82
44 46 40
44 47 43
44 48 67
44 49 77
45 50 87
45 51 55
45 52 29
45 53 56
45 54 57
45 55 92
45 56 66
45 57 12
45 58 40
45 59 1
45 60 96
45 61 35
45 62 49
45 63 39
45 64 66
45 65 72
45 66 54
45 67 11
45 68 45
45 69 64
45 70 47
45 71 54
45 72 15
45 73 59
45 74 17
45 75 21
45 76 40
45 77 56
45 78 16
45 79 59
45 80 33
45 81 54
45 82 13
45 83 61
45 84 61
45 85 21
45 86 4
45 87 26
45 88 33
45 89 43
45 90 79
45 91 28
45 92 77
45 93 27
45 94 18
45 95 94
45 96 50
45 97 71
45 98 5
45 99 95
46 0 86
46 1 51
46 2 100
46 3 52
46 4 61
46 5 16
46 6 24
46 7 1
46 8 23
46 9 91
46 10 59
46 11 7
46 12 45
46 13 23
46 14 67
46 15 57
46 16 44
46 17 70
46 18 35
46 19 28
46 20 12
46 21 13
46 22 7
46 23 41
46 24 91
46 25 24
46 26 34
46 27 92
46 28 46
46 29 38
46 30 38
46 31 83
46 32 41
46 33 37
46 34 34
46 35 1
46 36 4
46 37 57
46 38 53
46 39 79
46 40 48
46 41 63
46 42 85
46 43 44
46 44 38
46 45 52
46 47 100
46 48 81
46 49 73
47 50 34
47 51 60
47 52 37
47 53 98
47 54 18
47 55 77
47 56 40
47 57 93
47 58 62
47 59 32
47 60 90
47 61 52
47 62 69
47 63 72
47 64 92
47 65 58
47 66 57
47 67 44
47 68 13
47 69 13
47 70 97
47 71 91
47 72 12
47 73 59
47 74 76
47 75 7
47 76 96
47 77 79
47 78 59
47 79 28
47 80 51
47 81 44
47 82 39
47 83 39
47 84 42
47 85 8
47 86 15
47 87 33
47 88 100
47 89 29
47 90 64
47 91 89
47 92 80
47 93 85
47 94 12
47 95 71
47 96 42
47 97 68
47 98 14
47 99 6
48 0 33
48 1 62
48 2 97
48 3 96
48 4 73
48 5 24
48 6 3
48 7 68
48 8 2
48 9 61
48 10 48
48 11 4
48 12 56
48 13 38
48 14 43
48 15 97
48 16 46
48 17 9
48 18 82
48 19 45
48 20 37
48 21 45
48 22 86
48 23 16
48 24 81
48 25 97
48 26 38
48 27 74
48 28 17
48 29 4
48 30 80
48 31 49
48 32 65
48 33 28
48 34 44
48 35 89
48 36 51
48 37 98
48 38 57
48 39 52
48 40 10
48 41 56
48 42 55
48 43 66
48 44 93
48 45 49
48 46 62
48 47 90
48 49 58
49 50 95
49 51 87
49 52 46
49 53 40
49 54 72
49 55 62
49 56 72
49 57 20
49 58 51
49 59 46
49 60 36
49 61 6
49 62 77
49 63 84
49 64 23
49 65 4
49 66 80
49 67 11
49 68 54
49 69 77
49 70 19
49 71 5
49 72 87
49 73 74
49 74 11
49 75 52
49 76 19
49 77 60
49 78 65
49 79 60
49 80 69
49 81 60
49 82 46
49 83 14
49 84 51
49 85 69
49 86 27
49 87 74
49 88 41
49 89 30
49 90 19
49 91 76
49 92 35
49 93 47
49 94 12
49 95 57
49 96 50
49 97 43
49 98 68
49 99 55
50 0 19
50 1 38
50 2 11
50 3 57
50 4 64
50 5 22
50 6 8
50 7 34
50 8 33
50 9 25
50 10 93
50 11 1
50 12 36
50 13 39
50 14 66
50 15 86
50 16 59
50 17 93
50 18 59
50 19 99
50 20 22
50 21 30
50 22 27
50 23 8
50 24 76
50 25 90
50 26 65
50 27 78
50 28 32
50 29 84
50 30 32
50 31 2
50 32 21
50 33 43
50 34 59
50 35 36
50 36 16
50 37 18
50 38 69
50 39 100
50 40 94
50 41 62
50 42 100
50 43 29
50 44 52
50 45 17
50 46 14
50 47 10
50 48 9
50 49 25
51 50 61
51 52 82
51 53 6
51 54 39
51 55 90
51 56 33
51 57 28
51 58 6
51 59 62
51 60 11
51 61 41
51 62 94
51 63 12
51 64 13
51 65 88
51 66 22
51 67 49
51 68 55
51 69 92
51 70 17
51 71 54
51 72 85
51 73 78
51 74 5
51 75 14
51 76 81
51 77 21
51 78 79
51 79 43
51 80 30
51 81 55
51 82 3
51 83 63
51 84 60
51 85 41
51 86 4
51 87 93
51 88 20
51 89 9
51 90 6
51 91 30
51 92 1
51 93 99
51 94 93
51 95 14
51 96 38
51 97 15
51 98 62
51 99 92
52 0 6
52 1 30
52 2 97
52 3 90
52 4 60
52 5 1
52 6 55
52 7 40
52 8 22
52 9 34
52 10 82
52 11 3
52 12 88
52 13 36
52 14 65
52 15 100
52 16 28
52 17 69
52 18 44
52 19 47
52 20 29
52 21 49
52 22 76
52 23 30
52 24 48
52 25 69
52 26 95
52 27 37
52 28 35
52 29 8
52 30 81
52 31 92
52 32 89
52 33 77
52 34 33
52 35 48
52 36 78
52 37 88
52 38 40
52 39 51
52 40 73
52 41 73
52 42 53
52 43 60
52 44 9
52 45 69
52 46 11
52 47 36
52 48 89
52 49 54
53 50 83
53 51 70
53 52 3
53 54 10
53 55 51
53 56 2
53 57 30
53 58 45
53 59 38
53 60 64
53 61 4
53 62 70
53 63 7
53 64 92
53 65 47
53 66 40
53 67 40
53 68 76
53 69 79
53 70 79
53 71 78
53 72 51
53 73 51
53 74 82
53 75 62
53 76 11
53 77 50
53 78 73
53 79 99
53 80 91
53 81 26
53 82 33
53 83 60
53 84 28
53 85 42
53 86 10
53 87 29
53 88 24
53 89 54
53 90 19
53 91 39
53 92 9
53 93 88
53 94 46
53 95 100
53 96 86
53 97 37
53 98 39
53 99 13
54 0 15
54 1 69
54 2 90
54 3 17
54 4 72
54 5 71
54 6 30
54 7 34
54 8 73
54 9 2
54 10 32
54 11 63
54 12 80
54 13 64
54 14 22
54 15 59
54 16 58
54 17 83
54 18 40
54 19 81
54 20 36
54 21 10
54 22 19
54 23 44
54 24 49
54 25 16
54 26 95
54 27 35
54 28 52
54 29 34
54 30 99
54 31 66
54 32 54
54 33 41
54 34 34
54 35 77
54 36 63
54 37 64
54 38 11
54 39 35
54 40 17
54 41 94
54 42 49
54 43 48
54 44 58
54 45 22
54 46 7
54 47 67
54 48 4
54 49 98
55 50 99
55 51 91
55 52 7
55 53 17
55 54 86
55 56 7
55 57 33
55 58 81
55 59 93
55 60 84
55 61 66
55 62 92
55 63 2
55 64 19
55 65 84
55 66 35
55 67 96
55 68 46
55 69 50
55 70 58
55 71 33
55 72 67
55 73 51
55 74 81
55 75 14
55 76 60
55 77 55
55 78 72
55 79 26
55 80 58
55 81 21
55 82 76
55 83 49
55 84 27
55 85 93
55 86 86
55 87 34
55 88 77
55 89 66
55 90 26
55 91 12
55 92 31
55 93 69
55 94 65
55 95 2
55 96 52
55 97 100
55 98 49
55 99 98
56 0 1
56 1 6
56 2 82
56 3 67
56 4 8
56 5 14
56 6 33
56 7 68
56 8 68
56 9 56
56 10 45
56 11 78
56 12 77
56 13 21
56 14 78
56 15 55
56 16 65
56 17 63
56 18 40
56 19 41
56 20 29
56 21 18
56 22 4
56 23 11
56 24 86
56 25 69
56 26 12
56 27 90
56 28 20
56 29 60
56 30 39
56 31 20
56 32 65
56 33 20
56 34 39
56 35 73
56 36 85
56 37 71
56 38 92
56 39 53
56 40 78
56 41 36
56 42 82
56 43 54
56 44 8
56 45 59
56 46 9
56 47 72
56 48 73
56 49 100
57 50 64
57 51 1
57 52 17
57 53 68
57 54 64
57 55 55
57 56 36
57 58 75
57 59 44
57 60 55
57 61 35
57 62 82
57 63 74
57 64 51
57 65 53
57 66 12
57 67 23
57 68 37
57 69 34
57 70 66
57 71 41
57 72 64
57 73 2
57 74 22
57 75 17
57 76 61
57 77 32
57 78 77
57 79 33
57 80 5
57 81 29
57 82 48
57 83 57
57 84 45
57 85 15
57 86 20
57 87 99
57 88 50
57 89 95
57 90 94
57 91 56
57 92 81
57 93 27
57 94 82
57 95 31
57 96 79
57 97 45
57 98 54
57 99 68
58 0 31
58 1 71
58 2 8
58 3 94
58 4 72
58 5 82
58 6 62
58 7 85
58 8 13
58 9 39
58 10 69
58 11 69
58 12 67
58 13 16
58 14 26
58 15 63
58 16 31
58 17 97
58 18 62
58 19 32
58 20 91
58 21 7
58 22 88
58 23 71
58 24 34
58 25 21
58 26 2
58 27 12
58 28 65
58 29 7
58 30 31
58 31 95
58 32 29
58 33 39
58 34 88
58 35 53
58 36 72
58 37 50
58 38 37
58 39 36
58 40 40
58 41 5
58 42 5
58 43 58
58 44 20
58 45 82
58 46 20
58 47 2
58 48 78
58 49 33
59 50 34
59 51 21
59 52 92
59 53 73
59 54 43
59 55 25
59 56 93
59 57 96
59 58 88
59 60 57
59 61 54
59 62 19
59 63 4
59 64 83
59 65 57
59 66 91
59 67 35
59 68 80
59 69 92
59 70 71
59 71 15
59 72 31
59 73 75
59 74 19
59 75 40
59 76 46
59 77 100
59 78 12
59 79 48
59 80 30
59 81 96
59 82 33
59 83 50
59 84 87
59 85 5
59 86 92
59 87 11
59 88 49
59 89 88
59 90 99
59 91 5
59 92 41
59 93 17
59 94 8
59 95 23
59 96 25
59 97 51
59 98 57
59 99 4
60 0 42
60 1 79
60 2 18
60 3 25
60 4 53
60 5 89
60 6 64
60 7 51
60 8 88
60 9 27
60 10 98
60 11 17
60 12 23
60 13 30
60 14 18
60 15 9
60 16 86
60 17 10
60 18 20
60 19 34
60 20 49
60 21 70
60 22 90
60 23 41
60 24 86
60 25 50
60 26 16
60 27 62
60 28 100
60 29 72
60 30 65
60 31 93
60 32 3
60 33 34
60 34 17
60 35 7
60 36 22
60 37 33
60 38 57
60 39 10
60 40 59
60 41 54
60 42 78
60 43 81
60 44 35
60 45 48
60 46 42
60 47 20
60 48 9
60 49 13
61 50 53
61 51 57
61 52 82
61 53 43
61 54 49
61 55 67
61 56 92
61 57 64
61 58 80
61 59 43
61 60 88
61 62 44
61 63 35
61 64 90
61 65 77
61 66 4
61 67 96
61 68 99
61 69 88
61 70 53
61 71 60
61 72 46
61 73 58
61 74 89
61 75 79
61 76 93
61 77 88
61 78 20
61 79 64
61 80 96
61 81 32
61 82 69
61 83 4
61 84 65
61 85 63
61 86 53
61 87 83
61 88 6
61 89 68
61 90 62
61 91 48
61 92 55
61 93 5
61 94 34
61 95 44
61 96 33
61 97 37
61 98 92
61 99 83
62 0 24
62 1 96
62 2 94
62 3 22
62 4 53
62 5 35
62 6 52
62 7 97
62 8 22
62 9 23
62 10 13
62 11 18
62 12 6
62 13 81
62 14 21
62 15 70
62 16 43
62 17 25
62 18 52
62 19 48
62 20 93
62 21 13
62 22 95
62 23 47
62 24 69
62 25 80
62 26 43
62 27 53
62 28 69
62 29 86
62 30 88
62 31 44
62 32 81
62 33 81
62 34 65
62 35 85
62 36 15
62 37 68
62 38 34
62 39 37
62 40 90
62 41 46
62 42 54
62 43 47
62 44 26
62 45 26
62 46 16
62 47 68
62 48 3
62 49 19
63 50 67
63 51 95
63 52 83
63 53 61
63 54 93
63 55 3
63 56 92
63 57 87
63 58 56
63 59 60
63 60 72
63 61 95
63 62 4
63 64 4
63 65 75
63 66 20
63 67 89
63 68 90
63 69 88
63 70 22
63 71 78
63 72 29
63 73 19
63 74 83
63 75 76
63 76 44
63 77 60
63 78 43
63 79 63
63 80 62
63 81 62
63 82 29
63 83 8
63 84 96
63 85 41
63 86 53
63 87 99
63 88 32
63 89 39
63 90 6
63 91 44
63 92 63
63 93 100
63 94 47
63 95 18
63 96 74
63 97 66
63 98 58
63 99 15
64 0 5
64 1 31
64 2 92
64 3 34
64 4 49
64 5 74
64 6 61
64 7 92
64 8 34
64 9 3
64 10 6
64 11 47
64 12 64
64 13 34
64 14 55
64 15 60
64 16 26
64 17 7
64 18 10
64 19 58
64 20 97
64 21 15
64 22 1
64 23 11
64 24 14
64 25 99
64 26 29
64 27 39
64 28 64
64 29 38
64 30 6
64 31 21
64 32 69
64 33 97
64 34 54
64 35 17
64 36 23
64 37 66
64 38 61
64 39 8
64 40 68
64 41 66
64 42 6
64 43 84
64 44 52
64 45 60
64 46 95
64 47 77
64 48 18
64 49 4
65 50 86
65 51 15
65 52 70
65 53 86
65 54 77
65 55 35
65 56 84
65 57 57
65 58 73
65 59 100
65 60 95
65 61 30
65 62 20
65 63 63
65 64 79
65 66 25
65 67 31
65 68 1
65 69 90
65 70 91
65 71 60
65 72 9
65 73 9
65 74 65
65 75 92
65 76 60
65 77 77
65 78 86
65 79 36
65 80 94
65 81 41
65 82 74
65 83 60
65 84 10
65 85 59
65 86 37
65 87 44
65 88 95
65 89 93
65 90 69
65 91 46
65 92 39
65 93 50
65 94 17
65 95 1
65 96 28
65 97 93
65 98 32
65 99 28
66 0 34
66 1 74
66 2 39
66 3 42
66 4 82
66 5 56
66 6 86
66 7 93
66 8 32
66 9 71
66 10 29
66 11 25
66 12 64
66 13 2
66 14 37
66 15 25
66 16 12
66 17 73
66 18 21
66 19 58
66 20 17
66 21 89
66 22 55
66 23 56
66 24 90
66 25 71
66 26 8
66 27 18
66 28 15
66 29 91
66 30 45
66 31 48
66 32 65
66 33 36
66 34 90
66 35 46
66 36 91
66 37 27
66 38 39
66 39 22
66 40 49
66 41 19
66 42 98
66 43 12
66 44 72
66 45 34
66 46 37
66 47 35
66 48 58
66 49 57
67 50 93
67 51 75
67 52 97
67 53 99
67 54 82
67 55 86
67 56 70
67 57 89
67 58 3
67 59 84
67 60 80
67 61 100
67 62 84
67 63 96
67 64 87
67 65 25
67 66 41
67 68 77
67 69 51
67 70 31
67 71 50
67 72 99
67 73 1
67 74 47
67 75 11
67 76 24
67 77 33
67 78 99
67 79 59
67 80 90
67 81 55
67 82 3
67 83 16
67 84 3
67 85 1
67 86 97
67 87 88
67 88 22
67 89 38
67 90 43
67 91 58
67 92 69
67 93 94
67 94 41
67 95 64
67 96 80
67 97 65
67 98 56
67 99 56
68 0 67
68 1 39
68 2 57
68 3 65
68 4 39
68 5 3
68 6 27
68 7 63
68 8 87
68 9 25
68 10 73
68 11 77
68 12 31
68 13 75
68 14 44
68 15 33
68 16 27
68 17 41
68 18 73
68 19 49
68 20 30
68 21 67
68 22 58
68 23 98
68 24 60
68 25 98
68 26 13
68 27 39
68 28 14
68 29 20
68 30 46
68 31 80
68 32 58
68 33 2
68 34 96
68 35 49
68 36 56
68 37 23
68 38 11
68 39 43
68 40 99
68 41 35
68 42 71
68 43 82
68 44 61
68 45 14
68 46 66
68 47 87
68 48 6
68 49 38
69 50 87
69 51 35
69 52 56
69 53 44
69 54 84
69 55 15
69 56 93
69 57 96
69 58 53
69 59 6
69 60 16
69 61 50
69 62 37
69 63 25
69 64 51
69 65 33
69 66 73
69 67 59
69 68 7
69 70 35
69 71 1
69 72 57
69 73 69
69 74 23
69 75 38
69 76 29
69 77 36
69 78 4
69 79 68
69 80 42
69 81 93
69 82 6
69 83 28
69 84 49
69 85 50
69 86 12
69 87 63
69 88 42
69 89 59
69 90 68
69 91 100
69 92 26
69 93 17
69 94 88
69 95 51
69 96 20
69 97 72
69 98 23
69 99 78
70 0 78
70 1 10
70 2 30
70 3 87
70 4 78
70 5 52
70 6 24
70 7 59
70 8 87
70 9 79
70 10 78
70 11 80
70 12 72
70 13 83
70 14 8
70 15 72
70 16 84
70 17 71
70 18 86
70 19 78
70 20 29
70 21 5
70 22 77
70 23 55
70 24 74
70 25 64
70 26 57
70 27 93
70 28 36
70 29 31
70 30 22
70 31 65
70 32 40
70 33 51
70 34 3
70 35 70
70 36 2
70 37 27
70 38 80
70 39 40
70 40 57
70 41 57
70 42 72
70 43 80
70 44 39
70 45 79
70 46 51
70 47 75
70 48 49
70 49 89
71 50 52
71 51 29
71 52 93
71 53 28
71 54 83
71 55 66
71 56 43
71 57 91
71 58 10
71 59 30
71 60 22
71 61 31
71 62 47
71 63 61
71 64 81
71 65 49
71 66 30
71 67 34
71 68 27
71 69 9
71 70 26
71 72 84
71 73 17
71 74 97
71 75 15
71 76 8
71 77 27
71 78 18
71 79 82
71 80 75
71 81 6
71 82 33
71 83 55
71 84 98
71 85 12
71 86 38
71 87 16
71 88 6
71 89 28
71 90 25
71 91 36
71 92 1
71 93 56
71 94 34
71 95 62
71 96 88
71 97 82
71 98 43
71 99 22
72 0 61
72 1 4
72 2 47
72 3 96
72 4 20
72 5 95
72 6 10
72 7 79
72 8 21
72 9 27
72 10 60
72 11 47
72 12 84
72 13 44
72 14 1
72 15 82
72 16 55
72 17 90
72 18 97
72 19 13
72 20 70
72 21 73
72 22 48
72 23 70
72 24 28
72 25 33
72 26 31
72 27 16
72 28 14
72 29 74
72 30 89
72 31 26
72 32 29
72 33 87
72 34 21
72 35 48
72 36 81
72 37 31
72 38 27
72 39 1
72 40 9
72 41 38
72 42 47
72 43 93
72 44 34
72 45 47
72 46 26
72 47 40
72 48 89
72 49 74
73 50 52
73 51 58
73 52 46
73 53 51
73 54 27
73 55 26
73 56 83
73 57 10
73 58 41
73 59 49
73 60 83
73 61 81
73 62 74
73 63 11
73 64 67
73 65 95
73 66 10
73 67 47
73 68 77
73 69 88
73 70 99
73 71 37
73 72 78
73 74 97
73 75 29
73 76 11
73 77 95
73 78 6
73 79 50
73 80 83
73 81 79
73 82 2
73 83 40
73 84 25
73 85 52
73 86 19
73 87 50
73 88 87
73 89 28
73 90 42
73 91 35
73 92 62
73 93 22
73 94 8
73 95 72
73 96 40
73 97 54
73 98 33
73 99 38
74 0 82
74 1 73
74 2 36
74 3 19
74 4 50
74 5 32
74 6 99
74 7 60
74 8 78
74 9 5
74 10 61
74 11 61
74 12 83
74 13 62
74 14 52
74 15 59
74 16 66
74 17 70
74 18 60
74 19 52
74 20 97
74 21 53
74 22 38
74 23 58
74 24 26
74 25 45
74 26 81
74 27 65
74 28 51
74 29 66
74 30 2
74 31 84
74 32 38
74 33 89
74 34 54
74 35 87
74 36 72
74 37 53
74 38 98
74 39 50
74 40 9
74 41 58
74 42 62
74 43 43
74 44 72
74 45 13
74 46 54
74 47 89
74 48 35
74 49 13
75 50 92
75 51 83
75 52 18
75 53 29
75 54 93
75 55 43
75 56 25
75 57 25
75 58 60
75 59 27
75 60 90
75 61 61
75 62 11
75 63 79
75 64 2
75 65 64
75 66 17
75 67 73
75 68 68
75 69 14
75 70 22
75 71 76
75 72 24
75 73 83
75 74 19
75 76 47
75 77 48
75 78 72
75 79 35
75 80 82
75 81 36
75 82 26
75 83 64
75 84 53
75 85 6
75 86 56
75 87 48
75 88 30
75 89 81
75 90 7
75 91 57
75 92 22
75 93 19
75 94 19
75 95 1
75 96 20
75 97 82
75 98 17
75 99 45
76 0 50
76 1 83
76 2 66
76 3 25
76 4 6
76 5 1
76 6 95
76 7 52
76 8 48
76 9 66
76 10 38
76 11 29
76 12 2
76 13 15
76 14 44
76 15 6
76 16 20
76 17 52
76 18 5
76 19 1
76 20 32
76 21 11
76 22 9
76 23 5
76 24 82
76 25 27
76 26 5
76 27 53
76 28 9
76 29 74
76 30 97
76 31 10
76 32 56
76 33 15
76 34 34
76 35 61
76 36 15
76 37 29
76 38 64
76 39 14
76 40 46
76 41 1
76 42 42
76 43 99
76 44 67
76 45 37
76 46 57
76 47 86
76 48 88
76 49 61
77 50 38
77 51 71
77 52 24
77 53 47
77 54 76
77 55 5
77 56 73
77 57 32
77 58 9
77 59 33
77 60 5
77 61 58
77 62 42
77 63 60
77 64 72
77 65 76
77 66 72
77 67 38
77 68 56
77 69 87
77 70 51
77 71 53
77 72 87
77 73 92
77 74 52
77 75 5
77 76 80
77 78 8
77 79 42
77 80 68
77 81 68
77 82 80
77 83 38
77 84 43
77 85 26
77 86 65
77 87 99
77 88 98
77 89 97
77 90 8
77 91 31
77 92 1
77 93 65
77 94 24
77 95 13
77 96 88
77 97 99
77 98 36
77 99 25
78 0 6
78 1 23
78 2 75
78 3 59
78 4 9
78 5 18
78 6 62
78 7 66
78 8 97
78 9 21
78 10 7
78 11 16
78 12 40
78 13 86
78 14 6
78 15 83
78 16 11
78 17 22
78 18 81
78 19 61
78 20 18
78 21 40
78 22 43
78 23 71
78 24 56
78 25 66
78 26 35
78 27 43
78 28 17
78 29 70
78 30 19
78 31 74
78 32 92
78 33 45
78 34 84
78 35 53
78 36 62
78 37 45
78 38 18
78 39 11
78 40 65
78 41 24
78 42 78
78 43 5
78 44 10
78 45 35
78 46 39
78 47 72
78 48 57
78 49 19
79 50 84
79 51 74
79 52 59
79 53 78
79 54 96
79 55 66
79 56 96
79 57 30
79 58 9
79 59 64
79 60 100
79 61 79
79 62 37
79 63 91
79 64 24
79 65 21
79 66 43
79 67 37
79 68 17
79 69 12
79 70 99
79 71 34
79 72 36
79 73 77
79 74 90
79 75 97
79 76 11
79 77 28
79 78 68
79 80 67
79 81 46
79 82 4
79 83 93
79 84 56
79 85 81
79 86 88
79 87 22
79 88 76
79 89 70
79 90 82
79 91 39
79 92 69
79 93 12
79 94 28
79 95 11
79 96 35
79 97 100
79 98 6
79 99 24
80 0 16
80 1 17
80 2 22
80 3 49
80 4 52
80 5 98
80 6 38
80 7 48
80 8 61
80 9 17
80 10 68
80 11 79
80 12 15
80 13 71
80 14 71
80 15 70
80 16 3
80 17 11
80 18 43
80 19 31
80 20 80
80 21 76
80 22 69
80 23 100
80 24 88
80 25 48
80 26 10
80 27 74
80 28 47
80 29 15
80 30 97
80 31 63
80 32 84
80 33 19
80 34 63
80 35 35
80 36 68
80 37 53
80 38 35
80 39 28
80 40 69
80 41 54
80 42 59
80 43 83
80 44 76
80 45 29
80 46 5
80 47 78
80 48 91
80 49 99
81 50 8
81 51 70
81 52 27
81 53 29
81 54 21
81 55 66
81 56 76
81 57 31
81 58 39
81 59 75
81 60 97
81 61 88
81 62 37
81 63 80
81 64 58
81 65 51
81 66 67
81 67 25
81 68 55
81 69 53
81 70 5
81 71 24
81 72 6
81 73 15
81 74 58
81 75 33
81 76 43
81 77 14
81 78 10
81 79 86
81 80 13
81 82 70
81 83 7
81 84 39
81 85 50
81 86 28
81 87 4
81 88 77
81 89 58
81 90 94
81 91 51
81 92 6
81 93 33
81 94 39
81 95 86
81 96 90
81 97 90
81 98 52
81 99 67
82 0 44
82 1 4
82 2 23
82 3 19
82 4 61
82 5 37
82 6 29
82 7 93
82 8 31
82 9 42
82 10 54
82 11 16
82 12 6
82 13 75
82 14 23
82 15 96
82 16 24
82 17 2
82 18 51
82 19 1
82 20 59
82 21 97
82 22 51
82 23 64
82 24 29
82 25 90
82 26 1
82 27 71
82 28 31
82 29 4
82 30 89
82 31 26
82 32 59
82 33 11
82 34 97
82 35 19
82 36 99
82 37 25
82 38 63
82 39 81
82 40 18
82 41 17
82 42 49
82 43 24
82 44 43
82 45 23
82 46 19
82 47 67
82 48 24
82 49 22
83 50 19
83 51 34
83 52 18
83 53 21
83 54 49
83 55 46
83 56 62
83 57 50
83 58 68
83 59 92
83 60 53
83 61 56
83 62 70
83 63 12
83 64 18
83 65 66
83 66 82
83 67 16
83 68 90
83 69 45
83 70 49
83 71 7
83 72 13
83 73 97
83 74 82
83 75 55
83 76 71
83 77 53
83 78 21
83 79 94
83 80 74
83 81 91
83 82 27
83 84 91
83 85 12
83 86 75
83 87 88
83 88 73
83 89 24
83 90 56
83 91 17
83 92 29
83 93 11
83 94 86
83 95 92
83 96 29
83 97 51
83 98 73
83 99 96
84 0 40
84 1 17
84 2 44
84 3 98
84 4 29
84 5 92
84 6 80
84 7 36
84 8 62
84 9 84
84 10 56
84 11 7
84 12 57
84 13 99
84 14 33
84 15 47
84 16 10
84 17 60
84 18 34
84 19 82
84 20 35
84 21 41
84 22 98
84 23 63
84 24 52
84 25 83
84 26 54
84 27 32
84 28 85
84 29 27
84 30 27
84 31 76
84 32 95
84 33 23
84 34 74
84 35 76
84 36 66
84 37 5
84 38 11
84 39 80
84 40 88
84 41 18
84 42 86
84 43 96
84 44 16
84 45 19
84 46 42
84 47 25
84 48 30
84 49 27
85 50 59
85 51 64
85 52 68
85 53 8
85 54 79
85 55 71
85 56 43
85 57 84
85 58 2
85 59 27
85 60 62
85 61 28
85 62 3
85 63 57
85 64 2
85 65 28
85 66 84
85 67 68
85 68 84
85 69 94
85 70 47
85 71 23
85 72 63
85 73 84
85 74 18
85 75 79
85 76 54
85 77 11
85 78 55
85 79 83
85 80 89
85 81 13
85 82 47
85 83 56
85 84 21
85 86 77
85 87 78
85 88 15
85 89 60
85 90 79
85 91 41
85 92 22
85 93 59
85 94 95
85 95 78
85 96 12
85 97 22
85 98 61
85 99 31
86 0 5
86 1 6
86 2 77
86 3 27
86 4 68
86 5 13
86 6 44
86 7 98
86 8 66
86 9 6
86 10 53
86 11 49
86 12 95
86 13 17
86 14 47
86 15 2
86 16 89
86 17 23
86 18 80
86 19 3
86 20 34
86 21 10
86 22 44
86 23 55
86 24 68
86 25 90
86 26 84
86 27 32
86 28 12
86 29 96
86 30 62
86 31 68
86 32 53
86 33 91
86 34 47
86 35 21
86 36 3
86 37 42
86 38 70
86 39 68
86 40 48
86 41 22
86 42 16
86 43 42
86 44 39
86 45 14
86 46 43
86 47 79
86 48 88
86 49 74
87 50 82
87 51 22
87 52 84
87 53 77
87 54 76
87 55 3
87 56 66
87 57 12
87 58 34
87 59 29
87 60 7
87 61 96
87 62 97
87 63 60
87 64 38
87 65 43
87 66 32
87 67 40
87 68 84
87 69 1
87 70 7
87 71 31
87 72 75
87 73 75
87 74 24
87 75 65
87 76 40
87 77 67
87 78 43
87 79 28
87 80 92
87 81 76
87 82 1
87 83 75
87 84 52
87 85 28
87 86 78
87 88 70
87 89 39
87 90 63
87 91 98
87 92 98
87 93 10
87 94 46
87 95 57
87 96 47
87 97 88
87 98 40
87 99 86
88 0 24
88 1 40
88 2 45
88 3 6
88 4 14
88 5 71
88 6 30
88 7 78
88 8 10
88 9 48
88 10 73
88 11 89
88 12 39
88 13 48
88 14 89
88 15 14
88 16 100
88 17 17
88 18 43
88 19 21
88 20 7
88 21 57
88 22 18
88 23 4
88 24 67
88 25 64
88 26 60
88 27 13
88 28 3
88 29 51
88 30 51
88 31 26
88 32 91
88 33 47
88 34 84
88 35 56
88 36 17
88 37 13
88 38 86
88 39 78
88 40 12
88 41 58
88 42 67
88 43 50
88 44 5
88 45 7
88 46 15
88 47 56
88 48 75
88 49 9
89 50 76
89 51 82
89 52 66
89 53 46
89 54 85
89 55 32
89 56 61
89 57 45
89 58 96
89 59 63
89 60 47
89 61 98
89 62 41
89 63 37
89 64 44
89 65 24
89 66 45
89 67 60
89 68 88
89 69 30
89 70 90
89 71 99
89 72 39
89 73 8
89 74 100
89 75 43
89 76 14
89 77 67
89 78 51
89 79 89
89 80 27
89 81 78
89 82 70
89 83 92
89 84 23
89 85 54
89 86 75
89 87 35
89 88 50
89 90 23
89 91 98
89 92 97
89 93 20
89 94 90
89 95 85
89 96 64
89 97 65
89 98 29
89 99 75
90 0 4
90 1 10
90 2 64
90 3 54
90 4 48
90 5 71
90 6 53
90 7 43
90 8 37
90 9 71
90 10 45
90 11 25
90 12 98
90 13 22
90 14 46
90 15 41
90 16 97
90 17 51
90 18 16
90 19 31
90 20 53
90 21 38
90 22 80
90 23 1
90 24 9
90 25 69
90 26 85
90 27 72
90 28 85
90 29 66
90 30 99
90 31 88
90 32 27
90 33 62
90 34 41
90 35 27
90 36 85
90 37 46
90 38 69
90 39 21
90 40 68
90 41 65
90 42 97
90 43 65
90 44 86
90 45 42
90 46 6
90 47 82
90 48 44
90 49 73
91 50 65
91 51 96
91 52 62
91 53 44
91 54 96
91 55 70
91 56 65
91 57 33
91 58 94
91 59 49
91 60 98
91 61 92
91 62 89
91 63 76
91 64 5
91 65 81
91 66 2
91 67 89
91 68 26
91 69 22
91 70 61
91 71 46
91 72 86
91 73 57
91 74 10
91 75 24
91 76 50
91 77 67
91 78 5
91 79 94
91 80 91
91 81 21
91 82 89
91 83 4
91 84 65
91 85 37
91 86 26
91 87 29
91 88 69
91 89 19
91 90 29
91 92 18
91 93 62
91 94 69
91 95 93
91 96 18
91 97 50
91 98 95
91 99 7
92 0 27
92 1 68
92 2 19
92 3 72
92 4 54
92 5 76
92 6 34
92 7 77
92 8 77
92 9 52
92 10 33
92 11 70
92 12 95
92 13 54
92 14 11
92 15 98
92 16 70
92 17 47
92 18 23
92 19 50
92 20 15
92 21 93
92 22 78
92 23 32
92 24 6
92 25 47
92 26 76
92 27 24
92 28 48
92 29 22
92 30 82
92 31 74
92 32 90
92 33 100
92 34 46
92 35 95
92 36 27
92 37 31
92 38 23
92 39 4
92 40 82
92 41 55
92 42 25
92 43 76
92 44 60
92 45 35
92 46 26
92 47 81
92 48 33
92 49 48
93 50 30
93 51 47
93 52 93
93 53 60
93 54 30
93 55 98
93 56 58
93 57 6
93 58 73
93 59 5
93 60 79
93 61 6
93 62 78
93 63 68
93 64 6
93 65 75
93 66 14
93 67 84
93 68 57
93 69 36
93 70 39
93 71 39
93 72 43
93 73 64
93 74 66
93 75 54
93 76 50
93 77 91
93 78 35
93 79 83
93 80 91
93 81 64
93 82 81
93 83 83
93 84 23
93 85 11
93 86 32
93 87 80
93 88 68
93 89 57
93 90 84
93 91 98
93 92 62
93 94 14
93 95 66
93 96 19
93 97 40
93 98 31
93 99 3
94 0 97
94 1 67
94 2 41
94 3 87
94 4 61
94 5 4
94 6 52
94 7 14
94 8 54
94 9 43
94 10 48
94 11 88
94 12 85
94 13 12
94 14 68
94 15 67
94 16 86
94 17 30
94 18 50
94 19 18
94 20 49
94 21 6
94 22 53
94 23 47
94 24 20
94 25 66
94 26 12
94 27 38
94 28 58
94 29 94
94 30 40
94 31 54
94 32 60
94 33 33
94 34 40
94 35 20
94 36 88
94 37 43
94 38 34
94 39 93
94 40 85
94 41 33
94 42 80
94 43 69
94 44 96
94 45 48
94 46 87
94 47 82
94 48 29
94 49 89
95 50 99
95 51 78
95 52 46
95 53 3
95 54 24
95 55 65
95 56 69
95 57 87
95 58 55
95 59 26
95 60 80
95 61 46
95 62 31
95 63 40
95 64 78
95 65 22
95 66 11
95 67 18
95 68 64
95 69 96
95 70 10
95 71 1
95 72 29
95 73 90
95 74 21
95 75 76
95 76 89
95 77 60
95 78 57
95 79 17
95 80 48
95 81 7
95 82 94
95 83 93
95 84 10
95 85 17
95 86 10
95 87 30
95 88 3
95 89 16
95 90 7
95 91 83
95 92 61
95 93 89
95 94 74
95 96 91
95 97 10
95 98 36
95 99 8
96 0 73
96 1 32
96 2 17
96 3 25
96 4 12
96 5 6
96 6 46
96 7 87
96 8 46
96 9 5
96 10 96
96 11 63
96 12 4
96 13 54
96 14 8
96 15 48
96 16 15
96 17 77
96 18 57
96 19 96
96 20 79
96 21 72
96 22 54
96 23 13
96 24 85
96 25 42
96 26 38
96 27 75
96 28 51
96 29 74
96 30 82
96 31 76
96 32 57
96 33 98
96 34 52
96 35 68
96 36 56
96 37 97
96 38 6
96 39 53
96 40 53
96 41 53
96 42 15
96 43 56
96 44 7
96 45 75
96 46 4
96 47 73
96 48 51
96 49 12
97 50 69
97 51 81
97 52 84
97 53 22
97 54 46
97 55 20
97 56 16
97 57 83
97 58 94
97 59 18
97 60 56
97 61 75
97 62 45
97 63 12
97 64 24
97 65 97
97 66 31
97 67 79
97 68 93
97 69 89
97 70 32
97 71 98
97 72 41
97 73 98
97 74 53
97 75 99
97 76 24
97 77 56
97 78 72
97 79 26
97 80 68
97 81 92
97 82 7
97 83 3
97 84 65
97 85 52
97 86 22
97 87 80
97 88 86
97 89 67
97 90 98
97 91 94
97 92 93
97 93 42
97 94 57
97 95 16
97 96 38
97 98 40
97 99 47
98 0 83
98 1 28
98 2 30
98 3 80
98 4 68
98 5 79
98 6 84
98 7 67
98 8 3
98 9 40
98 10 90
98 11 28
98 12 59
98 13 81
98 14 86
98 15 13
98 16 45
98 17 89
98 18 86
98 19 25
98 20 75
98 21 52
98 22 74
98 23 68
98 24 44
98 25 15
98 26 76
98 27 11
98 28 5
98 29 15
98 30 57
98 31 39
98 32 42
98 33 86
98 34 18
98 35 10
98 36 65
98 37 53
98 38 28
98 39 19
98 40 92
98 41 17
98 42 46
98 43 2
98 44 49
98 45 32
98 46 14
98 47 93
98 48 72
98 49 99
99 50 69
99 51 46
99 52 50
99 53 94
99 54 65
99 55 45
99 56 61
99 57 93
99 58 56
99 59 65
99 60 7
99 61 64
99 62 3
99 63 49
99 64 50
99 65 72
99 66 10
99 67 66
99 68 24
99 69 89
99 70 84
99 71 68
99 72 5
99 73 81
99 74 21
99 75 5
99 76 64
99 77 35
99 78 49
99 79 36
99 80 33
99 81 18
99 82 81
99 83 35
99 84 63
99 85 98
99 86 31
99 87 23
99 88 90
99 89 38
99 90 87
99 91 96
99 92 2
99 93 41
99 94 96
99 95 3
99 96 64
99 97 57
99 98 68
39
