125 3840
0 1 65
0 2 88
0 3 74
0 4 15
0 5 7
0 6 6
0 7 7
0 8 42
0 9 33
0 10 13
0 11 8
0 12 53
0 13 78
0 14 28
0 15 98
0 16 9
0 17 58
0 18 99
0 19 81
0 20 17
0 21 59
0 22 97
0 23 22
0 24 96
0 25 81
0 26 41
0 27 9
0 28 97
0 29 66
0 30 87
1 31 24
1 32 83
1 33 26
1 34 49
1 35 49
1 36 33
1 37 54
1 38 8
1 39 26
1 40 87
1 41 20
1 42 33
1 43 39
1 44 97
1 45 60
1 46 36
1 47 57
1 48 69
1 49 86
1 50 37
1 51 86
1 52 45
1 53 85
1 54 59
1 55 40
1 56 65
1 57 52
1 58 100
1 59 13
1 60 69
1 61 38
2 62 88
2 63 3
2 64 64
2 65 36
2 66 52
2 67 48
2 68 90
2 69 11
2 70 73
2 71 28
2 72 30
2 73 58
2 74 18
2 75 78
2 76 69
2 77 54
2 78 34
2 79 90
2 80 91
2 81 23
2 82 75
2 83 35
2 84 59
2 85 85
2 86 26
2 87 24
2 88 36
2 89 77
2 90 88
2 91 57
2 92 15
3 93 76
3 94 59
3 95 30
3 96 63
3 97 10
3 98 77
3 99 4
3 100 72
3 101 1
3 102 31
3 103 1
3 104 10
3 105 49
3 106 30
3 107 79
3 108 54
3 109 64
3 110 68
3 111 44
3 112 38
3 113 94
3 114 31
3 115 96
3 116 30
3 117 56
3 118 71
3 119 18
3 120 33
3 121 11
3 122 74
3 123 99
4 124 86
4 0 32
4 1 80
4 2 100
4 3 94
4 5 56
4 6 4
4 7 65
4 8 8
4 9 86
4 10 18
4 11 18
4 12 34
4 13 47
4 14 48
4 15 39
4 16 62
4 17 15
4 18 35
4 19 99
4 20 60
4 21 17
4 22 47
4 23 89
4 24 72
4 25 17
4 26 6
4 27 56
4 28 27
4 29 31
5 30 6
5 31 64
5 32 63
5 33 85
5 34 64
5 35 56
5 36 92
5 37 19
5 38 72
5 39 100
5 40 4
5 41 89
5 42 69
5 43 90
5 44 36
5 45 16
5 46 28
5 47 49
5 48 82
5 49 14
5 50 48
5 51 93
5 52 30
5 53 46
5 54 81
5 55 54
5 56 14
5 57 39
5 58 61
5 59 93
5 60 69
6 61 67
6 62 8
6 63 83
6 64 3
6 65 23
6 66 38
6 67 95
6 68 41
6 69 10
6 70 46
6 71 45
6 72 50
6 73 14
6 74 34
6 75 37
6 76 81
6 77 13
6 78 86
6 79 14
6 80 27
6 81 85
6 82 6
6 83 8
6 84 30
6 85 86
6 86 61
6 87 95
6 88 76
6 89 22
6 90 87
6 91 45
7 92 40
7 93 95
7 94 27
7 95 42
7 96 17
7 97 17
7 98 36
7 99 10
7 100 78
7 101 33
7 102 54
7 103 79
7 104 98
7 105 39
7 106 16
7 107 78
7 108 3
7 109 1
7 110 91
7 111 81
7 112 85
7 113 96
7 114 89
7 115 66
7 116 34
7 117 1
7 118 60
7 119 61
7 120 74
7 121 99
7 122 57
8 123 13
8 124 93
8 0 36
8 1 55
8 2 61
8 3 4
8 4 42
8 5 22
8 6 81
8 7 27
8 9 75
8 10 59
8 11 24
8 12 65
8 13 26
8 14 2
8 15 20
8 16 26
8 17 44
8 18 100
8 19 62
8 20 92
8 21 40
8 22 79
8 23 77
8 24 41
8 25 91
8 26 37
8 27 14
8 28 89
9 29 46
9 30 79
9 31 33
9 32 81
9 33 85
9 34 45
9 35 84
9 36 78
9 37 67
9 38 16
9 39 4
9 40 93
9 41 26
9 42 28
9 43 58
9 44 52
9 45 81
9 46 29
9 47 29
9 48 24
9 49 28
9 50 43
9 51 67
9 52 20
9 53 21
9 54 43
9 55 60
9 56 11
9 57 32
9 58 25
9 59 51
10 60 77
10 61 55
10 62 83
10 63 57
10 64 39
10 65 28
10 66 92
10 67 17
10 68 94
10 69 7
10 70 20
10 71 86
10 72 32
10 73 99
10 74 95
10 75 83
10 76 79
10 77 23
10 78 12
10 79 3
10 80 3
10 81 54
10 82 69
10 83 22
10 84 26
10 85 64
10 86 33
10 87 89
10 88 47
10 89 9
10 90 39
11 91 23
11 92 64
11 93 22
11 94 31
11 95 2
11 96 1
11 97 22
11 98 70
11 99 46
11 100 28
11 101 42
11 102 83
11 103 59
11 104 40
11 105 30
11 106 94
11 107 19
11 108 4
11 109 57
11 110 73
11 111 6
11 112 10
11 113 93
11 114 79
11 115 87
11 116 8
11 117 11
11 118 75
11 119 54
11 120 20
11 121 14
12 122 76
12 123 35
12 124 87
12 0 6
12 1 88
12 2 39
12 3 79
12 4 58
12 5 36
12 6 6
12 7 51
12 8 18
12 9 17
12 10 42
12 11 47
12 13 10
12 14 12
12 15 3
12 16 66
12 17 36
12 18 8
12 19 27
12 20 29
12 21 39
12 22 13
12 23 88
12 24 49
12 25 40
12 26 42
12 27 20
13 28 53
13 29 69
13 30 6
13 31 91
13 32 75
13 33 94
13 34 81
13 35 5
13 36 3
13 37 16
13 38 11
13 39 53
13 40 33
13 41 27
13 42 46
13 43 32
13 44 88
13 45 58
13 46 34
13 47 53
13 48 93
13 49 93
13 50 79
13 51 73
13 52 31
13 53 43
13 54 61
13 55 32
13 56 82
13 57 2
13 58 3
14 59 86
14 60 70
14 61 9
14 62 28
14 63 96
14 64 2
14 65 8
14 66 1
14 67 56
14 68 23
14 69 11
14 70 8
14 71 8
14 72 89
14 73 5
14 74 91
14 75 76
14 76 62
14 77 24
14 78 80
14 79 55
14 80 68
14 81 10
14 82 27
14 83 51
14 84 52
14 85 39
14 86 34
14 87 86
14 88 40
14 89 88
15 90 71
15 91 10
15 92 96
15 93 99
15 94 57
15 95 49
15 96 6
15 97 57
15 98 56
15 99 81
15 100 19
15 101 63
15 102 88
15 103 59
15 104 68
15 105 78
15 106 86
15 107 81
15 108 53
15 109 65
15 110 87
15 111 72
15 112 74
15 113 66
15 114 22
15 115 78
15 116 4
15 117 7
15 118 63
15 119 44
15 120 95
16 121 33
16 122 5
16 123 42
16 124 83
16 0 61
16 1 43
16 2 89
16 3 70
16 4 98
16 5 69
16 6 88
16 7 13
16 8 8
16 9 99
16 10 80
16 11 37
16 12 84
16 13 12
16 14 89
16 15 1
16 17 99
16 18 12
16 19 74
16 20 64
16 21 86
16 22 51
16 23 67
16 24 92
16 25 65
16 26 10
17 27 86
17 28 98
17 29 66
17 30 80
17 31 80
17 32 27
17 33 22
17 34 20
17 35 48
17 36 19
17 37 40
17 38 35
17 39 31
17 40 47
17 41 85
17 42 62
17 43 35
17 44 69
17 45 74
17 46 23
17 47 69
17 48 72
17 49 87
17 50 94
17 51 87
17 52 72
17 53 97
17 54 53
17 55 63
17 56 61
17 57 15
18 58 1
18 59 10
18 60 80
18 61 80
18 62 42
18 63 58
18 64 1
18 65 13
18 66 5
18 67 71
18 68 53
18 69 92
18 70 2
18 71 51
18 72 76
18 73 63
18 74 86
18 75 96
18 76 88
18 77 60
18 78 16
18 79 11
18 80 46
18 81 62
18 82 97
18 83 69
18 84 58
18 85 2
18 86 84
18 87 70
18 88 16
19 89 84
19 90 32
19 91 47
19 92 15
19 93 73
19 94 57
19 95 67
19 96 37
19 97 13
19 98 37
19 99 89
19 100 4
19 101 90
19 102 92
19 103 32
19 104 53
19 105 29
19 106 79
19 107 92
19 108 40
19 109 95
19 110 3
19 111 38
19 112 8
19 113 99
19 114 6
19 115 65
19 116 100
19 117 89
19 118 86
19 119 67
20 120 24
20 121 17
20 122 66
20 123 38
20 124 41
20 0 74
20 1 56
20 2 78
20 3 86
20 4 45
20 5 18
20 6 90
20 7 34
20 8 61
20 9 73
20 10 38
20 11 89
20 12 51
20 13 30
20 14 29
20 15 97
20 16 32
20 17 66
20 18 4
20 19 30
20 21 71
20 22 20
20 23 82
20 24 12
20 25 58
21 26 100
21 27 35
21 28 26
21 29 17
21 30 25
21 31 67
21 32 90
21 33 80
21 34 96
21 35 76
21 36 24
21 37 65
21 38 65
21 39 10
21 40 26
21 41 89
21 42 47
21 43 66
21 44 39
21 45 76
21 46 94
21 47 88
21 48 7
21 49 11
21 50 43
21 51 89
21 52 34
21 53 15
21 54 22
21 55 97
21 56 72
22 57 21
22 58 31
22 59 97
22 60 38
22 61 7
22 62 15
22 63 27
22 64 39
22 65 62
22 66 54
22 67 14
22 68 27
22 69 18
22 70 23
22 71 4
22 72 58
22 73 70
22 74 69
22 75 49
22 76 45
22 77 15
22 78 36
22 79 4
22 80 77
22 81 30
22 82 44
22 83 62
22 84 44
22 85 65
22 86 58
22 87 67
23 88 85
23 89 89
23 90 16
23 91 74
23 92 95
23 93 82
23 94 53
23 95 85
23 96 44
23 97 6
23 98 99
23 99 22
23 100 76
23 101 21
23 102 77
23 103 33
23 104 42
23 105 97
23 106 81
23 107 39
23 108 63
23 109 68
23 110 42
23 111 40
23 112 50
23 113 85
23 114 1
23 115 93
23 116 1
23 117 59
23 118 12
24 119 85
24 120 99
24 121 27
24 122 11
24 123 45
24 124 8
24 0 15
24 1 30
24 2 3
24 3 20
24 4 28
24 5 76
24 6 47
24 7 100
24 8 52
24 9 80
24 10 42
24 11 1
24 12 12
24 13 80
24 14 63
24 15 32
24 16 73
24 17 54
24 18 81
24 19 9
24 20 7
24 21 25
24 22 9
24 23 65
25 26 36
25 27 45
25 28 15
25 29 14
25 30 55
25 31 59
25 32 74
25 33 69
25 34 40
25 35 28
25 36 41
25 37 67
25 38 4
25 39 87
25 40 19
25 41 7
25 42 18
25 43 60
25 44 59
25 45 82
25 46 91
25 47 22
25 48 13
25 49 63
25 50 27
25 51 45
25 52 23
25 53 33
25 54 21
25 55 31
26 56 97
26 57 9
26 58 75
26 59 11
26 60 22
26 61 82
26 62 22
26 63 47
26 64 2
26 65 61
26 66 75
26 67 94
26 68 80
26 69 30
26 70 81
26 71 98
26 72 88
26 73 50
26 74 9
26 75 47
26 76 31
26 77 99
26 78 20
26 79 95
26 80 13
26 81 46
26 82 91
26 83 35
26 84 79
26 85 12
26 86 17
27 87 75
27 88 20
27 89 43
27 90 38
27 91 93
27 92 24
27 93 11
27 94 40
27 95 78
27 96 23
27 97 66
27 98 71
27 99 54
27 100 95
27 101 3
27 102 51
27 103 82
27 104 53
27 105 11
27 106 80
27 107 35
27 108 61
27 109 99
27 110 82
27 111 25
27 112 45
27 113 24
27 114 11
27 115 23
27 116 35
27 117 27
28 118 49
28 119 6
28 120 70
28 121 38
28 122 51
28 123 45
28 124 100
28 0 90
28 1 22
28 2 23
28 3 7
28 4 93
28 5 76
28 6 1
28 7 47
28 8 79
28 9 34
28 10 51
28 11 89
28 12 14
28 13 86
28 14 2
28 15 12
28 16 19
28 17 26
28 18 56
28 19 42
28 20 37
28 21 30
28 22 29
28 23 15
29 24 79
29 25 86
29 26 36
29 27 68
29 28 36
29 30 81
29 31 68
29 32 77
29 33 54
29 34 90
29 35 83
29 36 98
29 37 17
29 38 35
29 39 45
29 40 95
29 41 69
29 42 95
29 43 36
29 44 82
29 45 32
29 46 37
29 47 45
29 48 2
29 49 62
29 50 53
29 51 96
29 52 50
29 53 82
29 54 76
30 55 17
30 56 12
30 57 61
30 58 52
30 59 80
30 60 49
30 61 84
30 62 47
30 63 77
30 64 38
30 65 88
30 66 12
30 67 35
30 68 4
30 69 46
30 70 79
30 71 99
30 72 66
30 73 26
30 74 86
30 75 99
30 76 9
30 77 22
30 78 44
30 79 11
30 80 35
30 81 48
30 82 6
30 83 37
30 84 29
30 85 81
31 86 53
31 87 93
31 88 93
31 89 4
31 90 72
31 91 41
31 92 40
31 93 70
31 94 70
31 95 77
31 96 9
31 97 81
31 98 11
31 99 12
31 100 26
31 101 42
31 102 62
31 103 44
31 104 19
31 105 47
31 106 42
31 107 27
31 108 20
31 109 37
31 110 37
31 111 55
31 112 84
31 113 42
31 114 91
31 115 65
31 116 74
32 117 95
32 118 57
32 119 67
32 120 50
32 121 80
32 122 7
32 123 89
32 124 49
32 0 76
32 1 65
32 2 9
32 3 8
32 4 28
32 5 72
32 6 86
32 7 21
32 8 34
32 9 29
32 10 39
32 11 32
32 12 70
32 13 65
32 14 4
32 15 59
32 16 2
32 17 58
32 18 42
32 19 95
32 20 100
32 21 6
32 22 69
33 23 94
33 24 62
33 25 35
33 26 95
33 27 41
33 28 93
33 29 84
33 30 41
33 31 69
33 32 100
33 34 1
33 35 28
33 36 27
33 37 73
33 38 13
33 39 47
33 40 58
33 41 41
33 42 85
33 43 89
33 44 63
33 45 2
33 46 44
33 47 21
33 48 3
33 49 1
33 50 62
33 51 49
33 52 52
33 53 20
34 54 17
34 55 97
34 56 33
34 57 51
34 58 92
34 59 26
34 60 44
34 61 27
34 62 18
34 63 64
34 64 26
34 65 19
34 66 91
34 67 53
34 68 91
34 69 4
34 70 51
34 71 48
34 72 96
34 73 88
34 74 88
34 75 58
34 76 89
34 77 32
34 78 30
34 79 43
34 80 84
34 81 44
34 82 91
34 83 88
34 84 63
35 85 8
35 86 84
35 87 47
35 88 10
35 89 27
35 90 72
35 91 53
35 92 53
35 93 90
35 94 68
35 95 31
35 96 8
35 97 11
35 98 35
35 99 98
35 100 66
35 101 85
35 102 97
35 103 13
35 104 72
35 105 84
35 106 71
35 107 12
35 108 15
35 109 52
35 110 54
35 111 51
35 112 95
35 113 45
35 114 38
35 115 9
36 116 4
36 117 73
36 118 56
36 119 13
36 120 100
36 121 79
36 122 18
36 123 4
36 124 68
36 0 37
36 1 34
36 2 27
36 3 47
36 4 68
36 5 76
36 6 12
36 7 5
36 8 72
36 9 25
36 10 28
36 11 8
36 12 47
36 13 40
36 14 74
36 15 50
36 16 45
36 17 24
36 18 97
36 19 89
36 20 13
36 21 5
37 22 92
37 23 86
37 24 12
37 25 57
37 26 85
37 27 43
37 28 74
37 29 40
37 30 62
37 31 10
37 32 74
37 33 89
37 34 9
37 35 93
37 36 16
37 38 72
37 39 97
37 40 40
37 41 48
37 42 77
37 43 47
37 44 46
37 45 16
37 46 72
37 47 96
37 48 60
37 49 96
37 50 92
37 51 1
37 52 8
38 53 48
38 54 44
38 55 45
38 56 12
38 57 100
38 58 29
38 59 54
38 60 25
38 61 21
38 62 15
38 63 87
38 64 46
38 65 55
38 66 95
38 67 38
38 68 71
38 69 66
38 70 87
38 71 62
38 72 14
38 73 63
38 74 8
38 75 11
38 76 30
38 77 79
38 78 6
38 79 89
38 80 26
38 81 49
38 82 41
38 83 86
39 84 49
39 85 85
39 86 30
39 87 60
39 88 36
39 89 11
39 90 65
39 91 61
39 92 31
39 93 79
39 94 47
39 95 76
39 96 86
39 97 93
39 98 65
39 99 56
39 100 58
39 101 51
39 102 17
39 103 23
39 104 65
39 105 76
39 106 34
39 107 94
39 108 6
39 109 91
39 110 35
39 111 32
39 112 92
39 113 75
39 114 17
40 115 40
40 116 59
40 117 98
40 118 99
40 119 47
40 120 8
40 121 63
40 122 7
40 123 38
40 124 93
40 0 5
40 1 65
40 2 78
40 3 97
40 4 30
40 5 85
40 6 6
40 7 32
40 8 53
40 9 29
40 10 49
40 11 80
40 12 14
40 13 94
40 14 86
40 15 56
40 16 28
40 17 69
40 18 47
40 19 55
40 20 85
41 21 86
41 22 65
41 23 34
41 24 36
41 25 11
41 26 42
41 27 98
41 28 17
41 29 31
41 30 43
41 31 21
41 32 96
41 33 72
41 34 69
41 35 77
41 36 57
41 37 75
41 38 60
41 39 61
41 40 3
41 42 60
41 43 41
41 44 68
41 45 54
41 46 78
41 47 23
41 48 81
41 49 46
41 50 70
41 51 35
42 52 82
42 53 7
42 54 100
42 55 15
42 56 43
42 57 10
42 58 56
42 59 92
42 60 79
42 61 87
42 62 34
42 63 51
42 64 34
42 65 58
42 66 20
42 67 62
42 68 14
42 69 94
42 70 73
42 71 26
42 72 48
42 73 33
42 74 18
42 75 15
42 76 86
42 77 95
42 78 89
42 79 18
42 80 40
42 81 10
42 82 5
43 83 21
43 84 17
43 85 56
43 86 36
43 87 59
43 88 17
43 89 91
43 90 50
43 91 95
43 92 29
43 93 36
43 94 98
43 95 14
43 96 93
43 97 17
43 98 75
43 99 58
43 100 62
43 101 48
43 102 83
43 103 9
43 104 80
43 105 1
43 106 75
43 107 17
43 108 47
43 109 63
43 110 34
43 111 87
43 112 73
43 113 90
44 114 7
44 115 89
44 116 45
44 117 42
44 118 99
44 119 62
44 120 85
44 121 48
44 122 8
44 123 65
44 124 35
44 0 5
44 1 79
44 2 27
44 3 21
44 4 5
44 5 84
44 6 82
44 7 4
44 8 19
44 9 42
44 10 35
44 11 71
44 12 16
44 13 51
44 14 17
44 15 79
44 16 37
44 17 55
44 18 3
44 19 26
45 20 62
45 21 43
45 22 71
45 23 55
45 24 41
45 25 84
45 26 91
45 27 88
45 28 91
45 29 8
45 30 75
45 31 96
45 32 86
45 33 1
45 34 68
45 35 42
45 36 37
45 37 2
45 38 46
45 39 7
45 40 43
45 41 80
45 42 77
45 43 11
45 44 31
45 46 45
45 47 41
45 48 19
45 49 100
45 50 43
46 51 44
46 52 13
46 53 85
46 54 66
46 55 19
46 56 25
46 57 1
46 58 10
46 59 64
46 60 92
46 61 17
46 62 38
46 63 39
46 64 54
46 65 91
46 66 6
46 67 95
46 68 27
46 69 59
46 70 40
46 71 85
46 72 54
46 73 72
46 74 61
46 75 64
46 76 54
46 77 57
46 78 4
46 79 72
46 80 8
46 81 46
47 82 67
47 83 20
47 84 82
47 85 85
47 86 39
47 87 6
47 88 85
47 89 100
47 90 21
47 91 28
47 92 16
47 93 11
47 94 66
47 95 69
47 96 1
47 97 72
47 98 15
47 99 79
47 100 82
47 101 7
47 102 63
47 103 35
47 104 78
47 105 75
47 106 98
47 107 31
47 108 31
47 109 1
47 110 54
47 111 39
47 112 98
48 113 72
48 114 10
48 115 31
48 116 56
48 117 48
48 118 36
48 119 93
48 120 47
48 121 9
48 122 20
48 123 14
48 124 19
48 0 86
48 1 34
48 2 19
48 3 9
48 4 1
48 5 49
48 6 90
48 7 7
48 8 11
48 9 25
48 10 36
48 11 85
48 12 74
48 13 18
48 14 67
48 15 27
48 16 71
48 17 57
48 18 24
49 19 94
49 20 67
49 21 55
49 22 2
49 23 66
49 24 42
49 25 94
49 26 65
49 27 2
49 28 65
49 29 30
49 30 20
49 31 50
49 32 64
49 33 90
49 34 10
49 35 64
49 36 38
49 37 52
49 38 22
49 39 48
49 40 28
49 41 57
49 42 84
49 43 1
49 44 74
49 45 51
49 46 27
49 47 96
49 48 59
50 51 3
50 52 89
50 53 77
50 54 9
50 55 90
50 56 95
50 57 50
50 58 35
50 59 59
50 60 4
50 61 100
50 62 40
50 63 23
50 64 49
50 65 55
50 66 13
50 67 11
50 68 70
50 69 2
50 70 62
50 71 91
50 72 50
50 73 89
50 74 47
50 75 85
50 76 41
50 77 72
50 78 87
50 79 68
50 80 67
51 81 46
51 82 70
51 83 8
51 84 74
51 85 30
51 86 97
51 87 68
51 88 31
51 89 32
51 90 78
51 91 34
51 92 31
51 93 18
51 94 57
51 95 31
51 96 72
51 97 21
51 98 93
51 99 94
51 100 22
51 101 54
51 102 84
51 103 23
51 104 94
51 105 83
51 106 60
51 107 35
51 108 54
51 109 46
51 110 54
51 111 73
52 112 43
52 113 23
52 114 80
52 115 17
52 116 4
52 117 76
52 118 84
52 119 34
52 120 59
52 121 62
52 122 68
52 123 41
52 124 31
52 0 76
52 1 24
52 2 54
52 3 96
52 4 16
52 5 47
52 6 69
52 7 22
52 8 31
52 9 44
52 10 15
52 11 65
52 12 3
52 13 49
52 14 70
52 15 48
52 16 2
52 17 42
53 18 91
53 19 76
53 20 73
53 21 59
53 22 79
53 23 49
53 24 42
53 25 65
53 26 59
53 27 55
53 28 32
53 29 100
53 30 85
53 31 7
53 32 75
53 33 91
53 34 54
53 35 90
53 36 37
53 37 22
53 38 11
53 39 19
53 40 65
53 41 26
53 42 83
53 43 67
53 44 26
53 45 5
53 46 67
53 47 80
53 48 46
54 49 9
54 50 7
54 51 19
54 52 67
54 53 38
54 55 19
54 56 60
54 57 2
54 58 29
54 59 67
54 60 85
54 61 80
54 62 3
54 63 91
54 64 54
54 65 93
54 66 44
54 67 44
54 68 82
54 69 17
54 70 54
54 71 100
54 72 34
54 73 31
54 74 35
54 75 52
54 76 9
54 77 39
54 78 18
54 79 88
55 80 36
55 81 78
55 82 46
55 83 54
55 84 96
55 85 83
55 86 24
55 87 8
55 88 36
55 89 53
55 90 74
55 91 20
55 92 32
55 93 76
55 94 62
55 95 86
55 96 21
55 97 57
55 98 81
55 99 2
55 100 26
55 101 34
55 102 1
55 103 59
55 104 17
55 105 87
55 106 10
55 107 25
55 108 25
55 109 80
55 110 64
56 111 61
56 112 57
56 113 9
56 114 66
56 115 5
56 116 44
56 117 90
56 118 12
56 119 79
56 120 94
56 121 85
56 122 51
56 123 77
56 124 12
56 0 64
56 1 14
56 2 32
56 3 21
56 4 94
56 5 33
56 6 46
56 7 80
56 8 86
56 9 56
56 10 96
56 11 72
56 12 65
56 13 72
56 14 97
56 15 44
56 16 35
57 17 9
57 18 53
57 19 43
57 20 74
57 21 57
57 22 38
57 23 15
57 24 68
57 25 69
57 26 60
57 27 4
57 28 19
57 29 37
57 30 15
57 31 34
57 32 50
57 33 47
57 34 54
57 35 44
57 36 79
57 37 51
57 38 23
57 39 64
57 40 6
57 41 70
57 42 36
57 43 23
57 44 41
57 45 84
57 46 66
57 47 27
58 48 92
58 49 70
58 50 21
58 51 17
58 52 26
58 53 59
58 54 84
58 55 45
58 56 27
58 57 43
58 59 48
58 60 97
58 61 79
58 62 63
58 63 30
58 64 29
58 65 9
58 66 36
58 67 24
58 68 39
58 69 38
58 70 98
58 71 55
58 72 96
58 73 67
58 74 42
58 75 18
58 76 59
58 77 77
58 78 35
59 79 85
59 80 20
59 81 5
59 82 5
59 83 36
59 84 82
59 85 15
59 86 19
59 87 27
59 88 93
59 89 14
59 90 74
59 91 89
59 92 92
59 93 36
59 94 71
59 95 72
59 96 96
59 97 58
59 98 95
59 99 87
59 100 47
59 101 92
59 102 93
59 103 42
59 104 10
59 105 34
59 106 59
59 107 20
59 108 62
59 109 46
60 110 4
60 111 81
60 112 50
60 113 61
60 114 68
60 115 83
60 116 27
60 117 39
60 118 9
60 119 20
60 120 52
60 121 83
60 122 60
60 123 43
60 124 70
60 0 30
60 1 15
60 2 18
60 3 39
60 4 61
60 5 4
60 6 86
60 7 53
60 8 48
60 9 27
60 10 14
60 11 33
60 12 38
60 13 34
60 14 94
60 15 83
61 16 89
61 17 74
61 18 84
61 19 49
61 20 41
61 21 66
61 22 28
61 23 79
61 24 27
61 25 47
61 26 82
61 27 9
61 28 6
61 29 25
61 30 30
61 31 88
61 32 91
61 33 47
61 34 26
61 35 51
61 36 2
61 37 63
61 38 55
61 39 49
61 40 90
61 41 69
61 42 81
61 43 79
61 44 54
61 45 26
61 46 13
62 47 42
62 48 99
62 49 48
62 50 43
62 51 92
62 52 13
62 53 70
62 54 22
62 55 39
62 56 16
62 57 4
62 58 99
62 59 73
62 60 80
62 61 81
62 63 60
62 64 70
62 65 27
62 66 86
62 67 72
62 68 81
62 69 48
62 70 79
62 71 81
62 72 89
62 73 99
62 74 62
62 75 19
62 76 52
62 77 87
63 78 31
63 79 45
63 80 38
63 81 30
63 82 87
63 83 81
63 84 43
63 85 56
63 86 2
63 87 33
63 88 23
63 89 5
63 90 84
63 91 96
63 92 36
63 93 64
63 94 55
63 95 57
63 96 42
63 97 92
63 98 29
63 99 22
63 100 92
63 101 59
63 102 3
63 103 32
63 104 57
63 105 16
63 106 51
63 107 60
63 108 54
64 109 33
64 110 4
64 111 91
64 112 63
64 113 43
64 114 71
64 115 57
64 116 98
64 117 25
64 118 41
64 119 73
64 120 81
64 121 24
64 122 68
64 123 17
64 124 39
64 0 74
64 1 73
64 2 81
64 3 66
64 4 53
64 5 54
64 6 9
64 7 11
64 8 56
64 9 40
64 10 19
64 11 23
64 12 42
64 13 30
64 14 77
65 15 27
65 16 86
65 17 19
65 18 41
65 19 28
65 20 42
65 21 97
65 22 77
65 23 18
65 24 89
65 25 49
65 26 98
65 27 65
65 28 16
65 29 66
65 30 3
65 31 90
65 32 39
65 33 35
65 34 7
65 35 43
65 36 89
65 37 15
65 38 6
65 39 96
65 40 6
65 41 76
65 42 19
65 43 48
65 44 6
65 45 47
66 46 26
66 47 91
66 48 17
66 49 66
66 50 70
66 51 10
66 52 14
66 53 46
66 54 27
66 55 2
66 56 95
66 57 77
66 58 66
66 59 62
66 60 42
66 61 21
66 62 3
66 63 32
66 64 55
66 65 61
66 67 75
66 68 43
66 69 75
66 70 80
66 71 91
66 72 33
66 73 55
66 74 61
66 75 32
66 76 12
67 77 7
67 78 57
67 79 54
67 80 75
67 81 22
67 82 23
67 83 37
67 84 35
67 85 69
67 86 15
67 87 88
67 88 15
67 89 91
67 90 54
67 91 28
67 92 33
67 93 74
67 94 31
67 95 64
67 96 80
67 97 91
67 98 90
67 99 75
67 100 18
67 101 21
67 102 65
67 103 50
67 104 28
67 105 25
67 106 81
67 107 39
68 108 83
68 109 37
68 110 93
68 111 9
68 112 10
68 113 67
68 114 45
68 115 96
68 116 87
68 117 60
68 118 83
68 119 1
68 120 50
68 121 36
68 122 29
68 123 34
68 124 61
68 0 11
68 1 50
68 2 93
68 3 1
68 4 39
68 5 67
68 6 70
68 7 60
68 8 31
68 9 19
68 10 87
68 11 7
68 12 51
68 13 77
69 14 89
69 15 39
69 16 21
69 17 97
69 18 48
69 19 88
69 20 94
69 21 43
69 22 74
69 23 53
69 24 26
69 25 27
69 26 54
69 27 13
69 28 7
69 29 88
69 30 26
69 31 17
69 32 89
69 33 18
69 34 69
69 35 27
69 36 84
69 37 39
69 38 38
69 39 66
69 40 57
69 41 76
69 42 72
69 43 60
69 44 53
70 45 60
70 46 98
70 47 73
70 48 8
70 49 46
70 50 12
70 51 1
70 52 40
70 53 86
70 54 5
70 55 17
70 56 12
70 57 59
70 58 82
70 59 18
70 60 98
70 61 7
70 62 86
70 63 86
70 64 24
70 65 54
70 66 64
70 67 59
70 68 92
70 69 2
70 71 24
70 72 1
70 73 77
70 74 47
70 75 60
71 76 81
71 77 6
71 78 57
71 79 54
71 80 65
71 81 54
71 82 17
71 83 18
71 84 94
71 85 2
71 86 22
71 87 62
71 88 65
71 89 32
71 90 43
71 91 34
71 92 29
71 93 1
71 94 19
71 95 14
71 96 24
71 97 25
71 98 78
71 99 34
71 100 16
71 101 31
71 102 9
71 103 16
71 104 59
71 105 55
71 106 75
72 107 40
72 108 12
72 109 32
72 110 45
72 111 77
72 112 37
72 113 61
72 114 94
72 115 82
72 116 15
72 117 15
72 118 44
72 119 79
72 120 47
72 121 38
72 122 65
72 123 27
72 124 39
72 0 35
72 1 93
72 2 14
72 3 59
72 4 70
72 5 48
72 6 75
72 7 52
72 8 56
72 9 42
72 10 10
72 11 63
72 12 17
73 13 1
73 14 74
73 15 100
73 16 45
73 17 50
73 18 36
73 19 6
73 20 43
73 21 70
73 22 72
73 23 10
73 24 13
73 25 2
73 26 8
73 27 50
73 28 66
73 29 86
73 30 40
73 31 1
73 32 78
73 33 54
73 34 11
73 35 99
73 36 53
73 37 37
73 38 50
73 39 8
73 40 79
73 41 12
73 42 70
73 43 47
74 44 12
74 45 44
74 46 46
74 47 57
74 48 45
74 49 33
74 50 14
74 51 40
74 52 2
74 53 85
74 54 1
74 55 66
74 56 86
74 57 60
74 58 68
74 59 4
74 60 45
74 61 7
74 62 56
74 63 23
74 64 60
74 65 66
74 66 21
74 67 12
74 68 3
74 69 71
74 70 72
74 71 33
74 72 34
74 73 93
75 76 79
75 77 45
75 78 88
75 79 76
75 80 1
75 81 33
75 82 60
75 83 66
75 84 24
75 85 62
75 86 2
75 87 24
75 88 79
75 89 88
75 90 83
75 91 46
75 92 43
75 93 27
75 94 53
75 95 98
75 96 49
75 97 64
75 98 15
75 99 22
75 100 28
75 101 69
75 102 92
75 103 51
75 104 1
75 105 25
76 106 43
76 107 31
76 108 21
76 109 31
76 110 6
76 111 22
76 112 15
76 113 18
76 114 39
76 115 38
76 116 79
76 117 41
76 118 13
76 119 57
76 120 80
76 121 95
76 122 55
76 123 22
76 124 21
76 0 59
76 1 71
76 2 22
76 3 22
76 4 85
76 5 43
76 6 1
76 7 6
76 8 86
76 9 51
76 10 58
76 11 62
77 12 94
77 13 41
77 14 82
77 15 76
77 16 98
77 17 55
77 18 42
77 19 15
77 20 94
77 21 31
77 22 93
77 23 86
77 24 43
77 25 2
77 26 65
77 27 37
77 28 8
77 29 38
77 30 9
77 31 66
77 32 8
77 33 82
77 34 87
77 35 44
77 36 76
77 37 88
77 38 49
77 39 13
77 40 90
77 41 59
77 42 74
78 43 35
78 44 99
78 45 8
78 46 10
78 47 96
78 48 14
78 49 3
78 50 63
78 51 59
78 52 33
78 53 55
78 54 44
78 55 75
78 56 8
78 57 8
78 58 63
78 59 15
78 60 45
78 61 24
78 62 32
78 63 4
78 64 57
78 65 19
78 66 48
78 67 33
78 68 58
78 69 48
78 70 45
78 71 47
78 72 58
78 73 71
79 74 82
79 75 8
79 76 30
79 77 43
79 78 4
79 80 43
79 81 98
79 82 66
79 83 2
79 84 30
79 85 72
79 86 97
79 87 57
79 88 32
79 89 57
79 90 71
79 91 98
79 92 53
79 93 46
79 94 30
79 95 57
79 96 3
79 97 100
79 98 56
79 99 87
79 100 9
79 101 55
79 102 83
79 103 7
79 104 13
80 105 53
80 106 40
80 107 20
80 108 34
80 109 83
80 110 75
80 111 77
80 112 32
80 113 92
80 114 30
80 115 61
80 116 16
80 117 78
80 118 69
80 119 99
80 120 34
80 121 40
80 122 96
80 123 39
80 124 85
80 0 77
80 1 95
80 2 39
80 3 76
80 4 2
80 5 77
80 6 84
80 7 56
80 8 60
80 9 43
80 10 20
81 11 64
81 12 82
81 13 92
81 14 98
81 15 16
81 16 66
81 17 26
81 18 47
81 19 10
81 20 7
81 21 60
81 22 25
81 23 84
81 24 28
81 25 23
81 26 70
81 27 67
81 28 70
81 29 8
81 30 4
81 31 47
81 32 2
81 33 94
81 34 74
81 35 55
81 36 71
81 37 10
81 38 10
81 39 30
81 40 52
81 41 82
82 42 93
82 43 33
82 44 73
82 45 42
82 46 1
82 47 90
82 48 67
82 49 47
82 50 99
82 51 25
82 52 6
82 53 23
82 54 9
82 55 86
82 56 97
82 57 78
82 58 52
82 59 67
82 60 85
82 61 7
82 62 65
82 63 38
82 64 1
82 65 38
82 66 92
82 67 71
82 68 99
82 69 53
82 70 52
82 71 50
82 72 86
83 73 44
83 74 35
83 75 58
83 76 38
83 77 35
83 78 48
83 79 56
83 80 33
83 81 98
83 82 81
83 84 91
83 85 73
83 86 89
83 87 76
83 88 69
83 89 66
83 90 79
83 91 87
83 92 2
83 93 86
83 94 3
83 95 91
83 96 38
83 97 41
83 98 82
83 99 8
83 100 39
83 101 86
83 102 59
83 103 41
84 104 72
84 105 54
84 106 75
84 107 81
84 108 43
84 109 61
84 110 80
84 111 99
84 112 45
84 113 78
84 114 79
84 115 87
84 116 50
84 117 67
84 118 62
84 119 18
84 120 84
84 121 93
84 122 57
84 123 37
84 124 30
84 0 59
84 1 27
84 2 67
84 3 51
84 4 8
84 5 26
84 6 42
84 7 45
84 8 36
84 9 34
85 10 68
85 11 41
85 12 60
85 13 49
85 14 84
85 15 20
85 16 28
85 17 82
85 18 16
85 19 5
85 20 60
85 21 3
85 22 6
85 23 78
85 24 16
85 25 24
85 26 61
85 27 8
85 28 32
85 29 97
85 30 89
85 31 42
85 32 75
85 33 55
85 34 93
85 35 34
85 36 32
85 37 86
85 38 78
85 39 67
85 40 19
86 41 46
86 42 8
86 43 78
86 44 46
86 45 43
86 46 49
86 47 25
86 48 24
86 49 16
86 50 82
86 51 83
86 52 70
86 53 87
86 54 60
86 55 86
86 56 62
86 57 72
86 58 45
86 59 93
86 60 20
86 61 34
86 62 35
86 63 94
86 64 40
86 65 79
86 66 27
86 67 72
86 68 16
86 69 56
86 70 90
86 71 86
87 72 1
87 73 49
87 74 15
87 75 98
87 76 91
87 77 15
87 78 23
87 79 14
87 80 30
87 81 56
87 82 48
87 83 100
87 84 42
87 85 59
87 86 37
87 88 4
87 89 30
87 90 33
87 91 96
87 92 1
87 93 18
87 94 82
87 95 94
87 96 58
87 97 12
87 98 72
87 99 81
87 100 79
87 101 28
87 102 22
88 103 64
88 104 80
88 105 71
88 106 78
88 107 78
88 108 13
88 109 92
88 110 52
88 111 79
88 112 74
88 113 7
88 114 26
88 115 25
88 116 48
88 117 37
88 118 13
88 119 3
88 120 18
88 121 45
88 122 51
88 123 19
88 124 63
88 0 32
88 1 64
88 2 72
88 3 96
88 4 36
88 5 52
88 6 74
88 7 63
88 8 73
89 9 38
89 10 42
89 11 95
89 12 67
89 13 71
89 14 60
89 15 11
89 16 74
89 17 38
89 18 36
89 19 80
89 20 63
89 21 60
89 22 80
89 23 51
89 24 72
89 25 82
89 26 69
89 27 68
89 28 32
89 29 87
89 30 30
89 31 16
89 32 50
89 33 1
89 34 11
89 35 37
89 36 4
89 37 36
89 38 99
89 39 29
90 40 25
90 41 93
90 42 23
90 43 92
90 44 15
90 45 34
90 46 54
90 47 89
90 48 71
90 49 89
90 50 68
90 51 86
90 52 100
90 53 99
90 54 36
90 55 71
90 56 81
90 57 4
90 58 90
90 59 64
90 60 42
90 61 20
90 62 31
90 63 44
90 64 72
90 65 93
90 66 80
90 67 76
90 68 29
90 69 31
90 70 4
91 71 53
91 72 23
91 73 78
91 74 96
91 75 37
91 76 12
91 77 49
91 78 77
91 79 34
91 80 37
91 81 45
91 82 19
91 83 36
91 84 95
91 85 55
91 86 58
91 87 27
91 88 10
91 89 100
91 90 91
91 92 52
91 93 19
91 94 21
91 95 95
91 96 42
91 97 66
91 98 26
91 99 17
91 100 94
91 101 56
92 102 72
92 103 98
92 104 30
92 105 2
92 106 94
92 107 19
92 108 65
92 109 42
92 110 95
92 111 98
92 112 31
92 113 91
92 114 17
92 115 18
92 116 86
92 117 23
92 118 28
92 119 12
92 120 32
92 121 27
92 122 54
92 123 35
92 124 97
92 0 27
92 1 81
92 2 38
92 3 92
92 4 7
92 5 55
92 6 85
92 7 62
93 8 78
93 9 82
93 10 44
93 11 79
93 12 27
93 13 62
93 14 43
93 15 69
93 16 56
93 17 41
93 18 51
93 19 47
93 20 9
93 21 20
93 22 32
93 23 31
93 24 47
93 25 95
93 26 14
93 27 25
93 28 49
93 29 49
93 30 21
93 31 75
93 32 29
93 33 11
93 34 18
93 35 87
93 36 65
93 37 2
93 38 49
94 39 94
94 40 35
94 41 92
94 42 73
94 43 62
94 44 5
94 45 67
94 46 82
94 47 60
94 48 59
94 49 84
94 50 58
94 51 19
94 52 3
94 53 41
94 54 49
94 55 2
94 56 36
94 57 15
94 58 78
94 59 36
94 60 15
94 61 99
94 62 62
94 63 95
94 64 9
94 65 79
94 66 82
94 67 25
94 68 32
94 69 82
95 70 70
95 71 66
95 72 25
95 73 42
95 74 79
95 75 29
95 76 61
95 77 60
95 78 40
95 79 19
95 80 95
95 81 98
95 82 38
95 83 98
95 84 90
95 85 38
95 86 51
95 87 77
95 88 4
95 89 28
95 90 12
95 91 70
95 92 78
95 93 25
95 94 65
95 96 38
95 97 3
95 98 98
95 99 14
95 100 86
96 101 31
96 102 84
96 103 52
96 104 55
96 105 77
96 106 82
96 107 35
96 108 37
96 109 94
96 110 74
96 111 8
96 112 88
96 113 23
96 114 97
96 115 37
96 116 13
96 117 86
96 118 39
96 119 89
96 120 42
96 121 67
96 122 53
96 123 11
96 124 96
96 0 77
96 1 27
96 2 86
96 3 32
96 4 24
96 5 99
96 6 17
97 7 54
97 8 82
97 9 20
97 10 60
97 11 11
97 12 2
97 13 94
97 14 99
97 15 95
97 16 20
97 17 58
97 18 34
97 19 42
97 20 54
97 21 23
97 22 6
97 23 92
97 24 61
97 25 47
97 26 33
97 27 79
97 28 99
97 29 95
97 30 27
97 31 27
97 32 22
97 33 12
97 34 58
97 35 97
97 36 10
97 37 75
98 38 51
98 39 44
98 40 94
98 41 10
98 42 54
98 43 47
98 44 56
98 45 4
98 46 93
98 47 75
98 48 62
98 49 27
98 50 68
98 51 67
98 52 1
98 53 74
98 54 58
98 55 61
98 56 72
98 57 42
98 58 92
98 59 70
98 60 89
98 61 18
98 62 96
98 63 10
98 64 29
98 65 6
98 66 6
98 67 38
98 68 80
99 69 8
99 70 33
99 71 25
99 72 70
99 73 38
99 74 72
99 75 25
99 76 42
99 77 64
99 78 99
99 79 3
99 80 42
99 81 18
99 82 69
99 83 42
99 84 43
99 85 79
99 86 55
99 87 14
99 88 20
99 89 46
99 90 35
99 91 60
99 92 63
99 93 83
99 94 69
99 95 91
99 96 88
99 97 27
99 98 80
100 101 67
100 102 34
100 103 13
100 104 43
100 105 3
100 106 50
100 107 14
100 108 27
100 109 91
100 110 30
100 111 77
100 112 45
100 113 23
100 114 95
100 115 14
100 116 65
100 117 37
100 118 92
100 119 19
100 120 3
100 121 63
100 122 64
100 123 37
100 124 23
100 0 78
100 1 19
100 2 43
100 3 68
100 4 6
100 5 69
101 6 99
101 7 24
101 8 55
101 9 11
101 10 67
101 11 57
101 12 13
101 13 32
101 14 36
101 15 55
101 16 13
101 17 64
101 18 100
101 19 36
101 20 10
101 21 13
101 22 52
101 23 99
101 24 56
101 25 70
101 26 1
101 27 18
101 28 85
101 29 37
101 30 92
101 31 62
101 32 56
101 33 35
101 34 81
101 35 13
101 36 55
102 37 79
102 38 37
102 39 9
102 40 42
102 41 55
102 42 66
102 43 54
102 44 38
102 45 53
102 46 8
102 47 51
102 48 68
102 49 59
102 50 38
102 51 78
102 52 23
102 53 89
102 54 76
102 55 78
102 56 10
102 57 28
102 58 48
102 59 46
102 60 64
102 61 39
102 62 7
102 63 71
102 64 25
102 65 39
102 66 84
102 67 80
103 68 69
103 69 72
103 70 88
103 71 10
103 72 26
103 73 5
103 74 63
103 75 63
103 76 9
103 77 23
103 78 65
103 79 77
103 80 33
103 81 2
103 82 6
103 83 56
103 84 90
103 85 81
103 86 33
103 87 99
103 88 60
103 89 32
103 90 44
103 91 23
103 92 23
103 93 2
103 94 46
103 95 47
103 96 92
103 97 29
103 98 78
104 99 61
104 100 100
104 101 66
104 102 70
104 103 77
104 105 22
104 106 85
104 107 39
104 108 83
104 109 59
104 110 4
104 111 59
104 112 91
104 113 5
104 114 64
104 115 46
104 116 47
104 117 96
104 118 31
104 119 45
104 120 55
104 121 62
104 122 41
104 123 29
104 124 84
104 0 42
104 1 74
104 2 83
104 3 86
104 4 54
105 5 60
105 6 46
105 7 53
105 8 77
105 9 15
105 10 81
105 11 51
105 12 51
105 13 20
105 14 33
105 15 9
105 16 75
105 17 43
105 18 100
105 19 31
105 20 58
105 21 45
105 22 77
105 23 5
105 24 27
105 25 74
105 26 59
105 27 89
105 28 66
105 29 39
105 30 24
105 31 59
105 32 65
105 33 6
105 34 44
105 35 18
106 36 18
106 37 89
106 38 23
106 39 94
106 40 56
106 41 3
106 42 96
106 43 6
106 44 74
106 45 28
106 46 15
106 47 100
106 48 70
106 49 14
106 50 31
106 51 79
106 52 10
106 53 59
106 54 83
106 55 37
106 56 84
106 57 93
106 58 77
106 59 49
106 60 32
106 61 100
106 62 8
106 63 96
106 64 58
106 65 51
106 66 13
107 67 27
107 68 92
107 69 87
107 70 20
107 71 47
107 72 90
107 73 68
107 74 52
107 75 63
107 76 95
107 77 66
107 78 63
107 79 17
107 80 31
107 81 45
107 82 95
107 83 41
107 84 55
107 85 78
107 86 29
107 87 39
107 88 70
107 89 5
107 90 39
107 91 53
107 92 56
107 93 98
107 94 100
107 95 65
107 96 49
107 97 65
108 98 91
108 99 92
108 100 51
108 101 63
108 102 38
108 103 40
108 104 30
108 105 89
108 106 55
108 107 76
108 109 55
108 110 17
108 111 92
108 112 85
108 113 13
108 114 39
108 115 77
108 116 67
108 117 16
108 118 5
108 119 57
108 120 37
108 121 61
108 122 48
108 123 42
108 124 69
108 0 45
108 1 41
108 2 85
108 3 45
109 4 5
109 5 28
109 6 36
109 7 56
109 8 90
109 9 73
109 10 47
109 11 71
109 12 62
109 13 1
109 14 46
109 15 68
109 16 69
109 17 38
109 18 4
109 19 81
109 20 28
109 21 33
109 22 100
109 23 43
109 24 89
109 25 56
109 26 31
109 27 50
109 28 3
109 29 72
109 30 70
109 31 100
109 32 13
109 33 6
109 34 44
110 35 69
110 36 33
110 37 80
110 38 76
110 39 22
110 40 4
110 41 23
110 42 92
110 43 17
110 44 75
110 45 90
110 46 84
110 47 44
110 48 79
110 49 40
110 50 24
110 51 6
110 52 72
110 53 23
110 54 100
110 55 60
110 56 31
110 57 30
110 58 61
110 59 85
110 60 54
110 61 82
110 62 84
110 63 18
110 64 88
110 65 28
111 66 86
111 67 20
111 68 59
111 69 14
111 70 94
111 71 62
111 72 36
111 73 37
111 74 31
111 75 10
111 76 26
111 77 66
111 78 5
111 79 4
111 80 5
111 81 81
111 82 9
111 83 28
111 84 3
111 85 60
111 86 88
111 87 85
111 88 90
111 89 100
111 90 70
111 91 95
111 92 82
111 93 53
111 94 12
111 95 69
111 96 32
112 97 49
112 98 40
112 99 90
112 100 62
112 101 33
112 102 4
112 103 97
112 104 70
112 105 34
112 106 59
112 107 47
112 108 99
112 109 63
112 110 51
112 111 56
112 113 95
112 114 11
112 115 83
112 116 98
112 117 23
112 118 22
112 119 34
112 120 12
112 121 22
112 122 55
112 123 58
112 124 3
112 0 8
112 1 69
112 2 23
113 3 91
113 4 17
113 5 14
113 6 33
113 7 79
113 8 47
113 9 36
113 10 27
113 11 68
113 12 21
113 13 37
113 14 14
113 15 71
113 16 52
113 17 16
113 18 26
113 19 46
113 20 79
113 21 61
113 22 95
113 23 1
113 24 82
113 25 29
113 26 64
113 27 55
113 28 83
113 29 21
113 30 57
113 31 42
113 32 89
113 33 31
114 34 33
114 35 57
114 36 45
114 37 65
114 38 35
114 39 43
114 40 52
114 41 14
114 42 10
114 43 24
114 44 50
114 45 75
114 46 94
114 47 1
114 48 91
114 49 72
114 50 47
114 51 21
114 52 32
114 53 41
114 54 21
114 55 65
114 56 21
114 57 36
114 58 20
114 59 56
114 60 56
114 61 28
114 62 97
114 63 96
114 64 11
115 65 81
115 66 52
115 67 55
115 68 97
115 69 39
115 70 49
115 71 100
115 72 52
115 73 58
115 74 23
115 75 53
115 76 84
115 77 69
115 78 54
115 79 26
115 80 40
115 81 52
115 82 46
115 83 23
115 84 44
115 85 18
115 86 39
115 87 65
115 88 5
115 89 58
115 90 72
115 91 60
115 92 38
115 93 68
115 94 7
115 95 48
116 96 1
116 97 11
116 98 54
116 99 97
116 100 49
116 101 2
116 102 97
116 103 52
116 104 59
116 105 71
116 106 4
116 107 94
116 108 39
116 109 9
116 110 20
116 111 78
116 112 60
116 113 17
116 114 52
116 115 4
116 117 35
116 118 91
116 119 20
116 120 39
116 121 100
116 122 91
116 123 51
116 124 37
116 0 10
116 1 9
117 2 84
117 3 62
117 4 19
117 5 89
117 6 59
117 7 19
117 8 90
117 9 7
117 10 22
117 11 100
117 12 29
117 13 78
117 14 94
117 15 68
117 16 86
117 17 13
117 18 97
117 19 98
117 20 29
117 21 49
117 22 53
117 23 15
117 24 39
117 25 72
117 26 6
117 27 38
117 28 14
117 29 56
117 30 27
117 31 75
117 32 16
118 33 62
118 34 37
118 35 35
118 36 51
118 37 47
118 38 5
118 39 40
118 40 5
118 41 27
118 42 40
118 43 33
118 44 4
118 45 33
118 46 100
118 47 41
118 48 97
118 49 97
118 50 38
118 51 77
118 52 97
118 53 90
118 54 92
118 55 35
118 56 13
118 57 49
118 58 24
118 59 78
118 60 56
118 61 50
118 62 53
118 63 71
119 64 12
119 65 41
119 66 57
119 67 62
119 68 39
119 69 62
119 70 53
119 71 43
119 72 40
119 73 92
119 74 27
119 75 95
119 76 76
119 77 27
119 78 35
119 79 24
119 80 75
119 81 73
119 82 1
119 83 71
119 84 14
119 85 44
119 86 57
119 87 27
119 88 92
119 89 32
119 90 4
119 91 47
119 92 34
119 93 8
119 94 69
120 95 97
120 96 100
120 97 26
120 98 58
120 99 38
120 100 87
120 101 62
120 102 32
120 103 78
120 104 54
120 105 59
120 106 72
120 107 81
120 108 37
120 109 6
120 110 5
120 111 63
120 112 30
120 113 57
120 114 85
120 115 96
120 116 52
120 117 41
120 118 22
120 119 43
120 121 24
120 122 77
120 123 41
120 124 57
120 0 37
121 1 61
121 2 53
121 3 88
121 4 86
121 5 62
121 6 78
121 7 24
121 8 24
121 9 9
121 10 1
121 11 29
121 12 19
121 13 72
121 14 9
121 15 55
121 16 30
121 17 65
121 18 69
121 19 11
121 20 21
121 21 53
121 22 6
121 23 72
121 24 45
121 25 79
121 26 66
121 27 69
121 28 8
121 29 58
121 30 25
121 31 96
122 32 19
122 33 78
122 34 83
122 35 4
122 36 39
122 37 60
122 38 80
122 39 14
122 40 21
122 41 80
122 42 42
122 43 39
122 44 4
122 45 51
122 46 46
122 47 33
122 48 15
122 49 14
122 50 95
122 51 88
122 52 19
122 53 53
122 54 11
122 55 63
122 56 31
122 57 29
122 58 31
122 59 90
122 60 86
122 61 56
122 62 85
123 63 56
123 64 85
123 65 20
123 66 12
123 67 75
123 68 79
123 69 91
123 70 89
123 71 51
123 72 70
123 73 30
123 74 90
123 75 73
123 76 80
123 77 87
123 78 57
123 79 47
123 80 52
123 81 52
123 82 86
123 83 70
123 84 4
123 85 96
123 86 33
123 87 86
123 88 24
123 89 63
123 90 28
123 91 62
123 92 70
123 93 12
124 94 17
124 95 54
124 96 31
124 97 80
124 98 29
124 99 62
124 100 70
124 101 17
124 102 64
124 103 92
124 104 46
124 105 53
124 106 64
124 107 78
124 108 91
124 109 73
124 110 76
124 111 43
124 112 24
124 113 61
124 114 12
124 115 79
124 116 8
124 117 96
124 118 16
124 119 84
124 120 11
124 121 43
124 122 45
124 123 80
56
