125 7688
0 1 82
0 2 31
0 3 18
0 4 71
0 5 89
0 6 41
0 7 99
0 8 45
0 9 60
0 10 59
0 11 44
0 12 50
0 13 100
0 14 31
0 15 19
0 16 39
0 17 16
0 18 15
0 19 97
0 20 13
0 21 10
0 22 8
0 23 98
0 24 70
0 25 98
0 26 47
0 27 84
0 28 75
0 29 10
0 30 99
0 31 57
0 32 43
0 33 29
0 34 75
0 35 66
0 36 69
0 37 67
0 38 64
0 39 13
0 40 26
0 41 22
0 42 9
0 43 27
0 44 73
0 45 39
0 46 45
0 47 11
0 48 7
0 49 59
0 50 7
0 51 19
0 52 20
0 53 66
0 54 17
0 55 42
0 56 64
0 57 63
0 58 25
0 59 38
0 60 24
0 61 75
1 62 46
1 63 18
1 64 4
1 65 20
1 66 83
1 67 24
1 68 38
1 69 46
1 70 37
1 71 16
1 72 19
1 73 97
1 74 42
1 75 91
1 76 35
1 77 87
1 78 53
1 79 41
1 80 45
1 81 11
1 82 60
1 83 17
1 84 77
1 85 28
1 86 58
1 87 40
1 88 42
1 89 34
1 90 29
1 91 17
1 92 8
1 93 74
1 94 34
1 95 63
1 96 46
1 97 69
1 98 87
1 99 83
1 100 66
1 101 75
1 102 98
1 103 37
1 104 71
1 105 40
1 106 79
1 107 57
1 108 78
1 109 32
1 110 98
1 111 74
1 112 42
1 113 9
1 114 90
1 115 18
1 116 36
1 117 99
1 118 9
1 119 29
1 120 32
1 121 89
1 122 45
1 123 92
2 124 15
2 0 78
2 1 54
2 3 60
2 4 98
2 5 92
2 6 94
2 7 64
2 8 18
2 9 44
2 10 100
2 11 88
2 12 35
2 13 78
2 14 97
2 15 12
2 16 61
2 17 94
2 18 85
2 19 3
2 20 54
2 21 27
2 22 72
2 23 41
2 24 25
2 25 33
2 26 69
2 27 9
2 28 21
2 29 13
2 30 100
2 31 87
2 32 42
2 33 5
2 34 98
2 35 40
2 36 49
2 37 44
2 38 3
2 39 66
2 40 87
2 41 54
2 42 6
2 43 21
2 44 83
2 45 2
2 46 32
2 47 44
2 48 95
2 49 68
2 50 98
2 51 100
2 52 94
2 53 69
2 54 40
2 55 71
2 56 53
2 57 8
2 58 79
2 59 26
2 60 20
3 61 78
3 62 12
3 63 13
3 64 34
3 65 62
3 66 52
3 67 82
3 68 5
3 69 6
3 70 48
3 71 91
3 72 59
3 73 53
3 74 11
3 75 94
3 76 6
3 77 94
3 78 37
3 79 52
3 80 13
3 81 34
3 82 51
3 83 7
3 84 54
3 85 90
3 86 77
3 87 7
3 88 97
3 89 55
3 90 32
3 91 68
3 92 84
3 93 95
3 94 80
3 95 17
3 96 56
3 97 84
3 98 99
3 99 60
3 100 89
3 101 98
3 102 50
3 103 100
3 104 50
3 105 12
3 106 93
3 107 55
3 108 57
3 109 81
3 110 58
3 111 70
3 112 14
3 113 8
3 114 76
3 115 67
3 116 97
3 117 4
3 118 25
3 119 93
3 120 10
3 121 8
3 122 12
4 123 45
4 124 3
4 0 91
4 1 61
4 2 58
4 3 74
4 5 11
4 6 70
4 7 15
4 8 8
4 9 71
4 10 14
4 11 9
4 12 83
4 13 58
4 14 15
4 15 39
4 16 38
4 17 72
4 18 8
4 19 3
4 20 79
4 21 35
4 22 69
4 23 27
4 24 90
4 25 46
4 26 71
4 27 99
4 28 53
4 29 82
4 30 95
4 31 55
4 32 25
4 33 56
4 34 65
4 35 98
4 36 18
4 37 34
4 38 64
4 39 78
4 40 4
4 41 77
4 42 38
4 43 38
4 44 86
4 45 53
4 46 29
4 47 23
4 48 76
4 49 36
4 50 25
4 51 7
4 52 23
4 53 46
4 54 33
4 55 12
4 56 91
4 57 4
4 58 63
4 59 95
5 60 37
5 61 57
5 62 50
5 63 61
5 64 64
5 65 66
5 66 11
5 67 34
5 68 51
5 69 74
5 70 11
5 71 6
5 72 3
5 73 48
5 74 44
5 75 88
5 76 52
5 77 72
5 78 63
5 79 80
5 80 59
5 81 39
5 82 86
5 83 81
5 84 84
5 85 70
5 86 45
5 87 26
5 88 25
5 89 59
5 90 73
5 91 62
5 92 15
5 93 74
5 94 74
5 95 31
5 96 39
5 97 84
5 98 64
5 99 41
5 100 58
5 101 74
5 102 46
5 103 12
5 104 73
5 105 41
5 106 99
5 107 25
5 108 64
5 109 13
5 110 56
5 111 23
5 112 52
5 113 41
5 114 55
5 115 87
5 116 62
5 117 51
5 118 65
5 119 39
5 120 9
5 121 37
6 122 52
6 123 24
6 124 10
6 0 25
6 1 54
6 2 48
6 3 61
6 4 69
6 5 40
6 7 18
6 8 94
6 9 85
6 10 81
6 11 66
6 12 26
6 13 79
6 14 42
6 15 89
6 16 92
6 17 97
6 18 63
6 19 95
6 20 89
6 21 70
6 22 81
6 23 51
6 24 20
6 25 45
6 26 41
6 27 29
6 28 81
6 29 92
6 30 4
6 31 90
6 32 16
6 33 9
6 34 89
6 35 76
6 36 77
6 37 28
6 38 45
6 39 70
6 40 65
6 41 25
6 42 35
6 43 42
6 44 56
6 45 77
6 46 82
6 47 99
6 48 25
6 49 45
6 50 93
6 51 14
6 52 14
6 53 25
6 54 16
6 55 33
6 56 70
6 57 56
6 58 13
7 59 2
7 60 47
7 61 16
7 62 44
7 63 14
7 64 24
7 65 32
7 66 42
7 67 100
7 68 12
7 69 86
7 70 21
7 71 28
7 72 63
7 73 56
7 74 69
7 75 70
7 76 84
7 77 50
7 78 68
7 79 60
7 80 46
7 81 12
7 82 73
7 83 59
7 84 36
7 85 40
7 86 44
7 87 57
7 88 95
7 89 56
7 90 59
7 91 93
7 92 72
7 93 2
7 94 7
7 95 47
7 96 85
7 97 48
7 98 47
7 99 96
7 100 85
7 101 67
7 102 75
7 103 99
7 104 74
7 105 43
7 106 68
7 107 9
7 108 93
7 109 87
7 110 69
7 111 90
7 112 50
7 113 93
7 114 49
7 115 86
7 116 33
7 117 44
7 118 42
7 119 27
7 120 51
8 121 52
8 122 72
8 123 22
8 124 53
8 0 78
8 1 21
8 2 38
8 3 77
8 4 19
8 5 85
8 6 13
8 7 37
8 9 60
8 10 12
8 11 11
8 12 2
8 13 31
8 14 71
8 15 46
8 16 18
8 17 91
8 18 36
8 19 19
8 20 84
8 21 36
8 22 56
8 23 16
8 24 79
8 25 98
8 26 94
8 27 29
8 28 49
8 29 65
8 30 3
8 31 54
8 32 94
8 33 75
8 34 91
8 35 70
8 36 93
8 37 75
8 38 83
8 39 29
8 40 86
8 41 46
8 42 91
8 43 88
8 44 76
8 45 62
8 46 85
8 47 45
8 48 52
8 49 72
8 50 64
8 51 35
8 52 59
8 53 19
8 54 2
8 55 37
8 56 68
8 57 48
9 58 18
9 59 69
9 60 64
9 61 72
9 62 22
9 63 58
9 64 46
9 65 64
9 66 79
9 67 38
9 68 90
9 69 13
9 70 18
9 71 76
9 72 58
9 73 9
9 74 15
9 75 86
9 76 22
9 77 99
9 78 30
9 79 73
9 80 23
9 81 45
9 82 60
9 83 81
9 84 16
9 85 13
9 86 70
9 87 35
9 88 60
9 89 39
9 90 55
9 91 24
9 92 10
9 93 28
9 94 33
9 95 7
9 96 91
9 97 11
9 98 96
9 99 81
9 100 76
9 101 13
9 102 56
9 103 33
9 104 21
9 105 70
9 106 18
9 107 42
9 108 20
9 109 100
9 110 67
9 111 42
9 112 96
9 113 78
9 114 75
9 115 11
9 116 90
9 117 44
9 118 98
9 119 2
10 120 82
10 121 52
10 122 77
10 123 43
10 124 80
10 0 9
10 1 49
10 2 70
10 3 71
10 4 44
10 5 2
10 6 46
10 7 8
10 8 57
10 9 31
10 11 29
10 12 78
10 13 100
10 14 22
10 15 50
10 16 99
10 17 40
10 18 43
10 19 47
10 20 17
10 21 17
10 22 57
10 23 59
10 24 12
10 25 54
10 26 12
10 27 93
10 28 58
10 29 88
10 30 87
10 31 37
10 32 48
10 33 87
10 34 6
10 35 70
10 36 30
10 37 60
10 38 16
10 39 38
10 40 68
10 41 98
10 42 18
10 43 46
10 44 97
10 45 91
10 46 95
10 47 48
10 48 31
10 49 89
10 50 94
10 51 99
10 52 6
10 53 2
10 54 57
10 55 17
10 56 8
11 57 20
11 58 62
11 59 65
11 60 7
11 61 100
11 62 1
11 63 6
11 64 87
11 65 58
11 66 76
11 67 68
11 68 17
11 69 91
11 70 5
11 71 85
11 72 40
11 73 74
11 74 82
11 75 36
11 76 65
11 77 28
11 78 83
11 79 47
11 80 16
11 81 28
11 82 97
11 83 21
11 84 30
11 85 54
11 86 90
11 87 37
11 88 73
11 89 3
11 90 1
11 91 32
11 92 2
11 93 53
11 94 37
11 95 88
11 96 10
11 97 12
11 98 8
11 99 79
11 100 54
11 101 12
11 102 63
11 103 93
11 104 38
11 105 44
11 106 81
11 107 54
11 108 71
11 109 15
11 110 52
11 111 38
11 112 43
11 113 48
11 114 59
11 115 24
11 116 53
11 117 100
11 118 60
12 119 78
12 120 54
12 121 12
12 122 9
12 123 55
12 124 64
12 0 97
12 1 95
12 2 25
12 3 61
12 4 2
12 5 3
12 6 14
12 7 65
12 8 17
12 9 59
12 10 54
12 11 60
12 13 91
12 14 7
12 15 82
12 16 5
12 17 58
12 18 20
12 19 99
12 20 6
12 21 30
12 22 22
12 23 10
12 24 81
12 25 33
12 26 87
12 27 34
12 28 96
12 29 95
12 30 40
12 31 11
12 32 92
12 33 86
12 34 36
12 35 52
12 36 39
12 37 90
12 38 17
12 39 4
12 40 7
12 41 27
12 42 9
12 43 66
12 44 17
12 45 16
12 46 100
12 47 22
12 48 25
12 49 71
12 50 72
12 51 82
12 52 52
12 53 94
12 54 92
12 55 84
13 56 78
13 57 78
13 58 17
13 59 74
13 60 25
13 61 8
13 62 84
13 63 68
13 64 94
13 65 71
13 66 71
13 67 32
13 68 61
13 69 39
13 70 87
13 71 67
13 72 66
13 73 96
13 74 84
13 75 82
13 76 63
13 77 35
13 78 55
13 79 39
13 80 5
13 81 27
13 82 21
13 83 8
13 84 72
13 85 64
13 86 91
13 87 49
13 88 93
13 89 59
13 90 74
13 91 17
13 92 67
13 93 10
13 94 36
13 95 12
13 96 80
13 97 6
13 98 95
13 99 92
13 100 45
13 101 34
13 102 58
13 103 10
13 104 81
13 105 94
13 106 43
13 107 43
13 108 28
13 109 50
13 110 33
13 111 85
13 112 76
13 113 5
13 114 92
13 115 99
13 116 68
13 117 35
14 118 99
14 119 13
14 120 93
14 121 73
14 122 81
14 123 11
14 124 34
14 0 17
14 1 74
14 2 65
14 3 74
14 4 69
14 5 57
14 6 18
14 7 54
14 8 14
14 9 79
14 10 34
14 11 59
14 12 74
14 13 28
14 15 87
14 16 23
14 17 60
14 18 71
14 19 50
14 20 65
14 21 14
14 22 48
14 23 84
14 24 48
14 25 46
14 26 96
14 27 93
14 28 70
14 29 77
14 30 3
14 31 55
14 32 45
14 33 77
14 34 20
14 35 18
14 36 97
14 37 76
14 38 88
14 39 50
14 40 41
14 41 18
14 42 35
14 43 100
14 44 91
14 45 62
14 46 86
14 47 65
14 48 21
14 49 8
14 50 14
14 51 37
14 52 21
14 53 13
14 54 21
15 55 21
15 56 59
15 57 68
15 58 13
15 59 80
15 60 96
15 61 67
15 62 35
15 63 40
15 64 43
15 65 54
15 66 10
15 67 91
15 68 81
15 69 49
15 70 92
15 71 21
15 72 66
15 73 26
15 74 72
15 75 9
15 76 39
15 77 9
15 78 73
15 79 12
15 80 16
15 81 39
15 82 48
15 83 89
15 84 51
15 85 20
15 86 9
15 87 61
15 88 88
15 89 21
15 90 93
15 91 35
15 92 87
15 93 27
15 94 27
15 95 82
15 96 32
15 97 36
15 98 24
15 99 64
15 100 84
15 101 16
15 102 36
15 103 1
15 104 93
15 105 8
15 106 9
15 107 84
15 108 16
15 109 34
15 110 95
15 111 32
15 112 72
15 113 42
15 114 72
15 115 74
15 116 14
16 117 80
16 118 35
16 119 53
16 120 52
16 121 79
16 122 87
16 123 38
16 124 5
16 0 13
16 1 71
16 2 88
16 3 100
16 4 95
16 5 51
16 6 35
16 7 62
16 8 86
16 9 88
16 10 6
16 11 93
16 12 96
16 13 89
16 14 61
16 15 81
16 17 83
16 18 44
16 19 4
16 20 77
16 21 15
16 22 78
16 23 42
16 24 94
16 25 64
16 26 94
16 27 45
16 28 42
16 29 80
16 30 34
16 31 98
16 32 45
16 33 5
16 34 37
16 35 96
16 36 51
16 37 87
16 38 31
16 39 12
16 40 24
16 41 18
16 42 69
16 43 69
16 44 65
16 45 58
16 46 81
16 47 98
16 48 92
16 49 24
16 50 1
16 51 20
16 52 38
16 53 30
17 54 61
17 55 83
17 56 45
17 57 54
17 58 79
17 59 38
17 60 86
17 61 64
17 62 35
17 63 30
17 64 68
17 65 23
17 66 25
17 67 70
17 68 61
17 69 7
17 70 33
17 71 85
17 72 76
17 73 2
17 74 5
17 75 41
17 76 11
17 77 85
17 78 90
17 79 54
17 80 8
17 81 90
17 82 26
17 83 97
17 84 72
17 85 86
17 86 31
17 87 16
17 88 92
17 89 9
17 90 54
17 91 29
17 92 72
17 93 40
17 94 10
17 95 92
17 96 63
17 97 34
17 98 61
17 99 23
17 100 93
17 101 46
17 102 59
17 103 68
17 104 47
17 105 63
17 106 60
17 107 9
17 108 99
17 109 49
17 110 62
17 111 6
17 112 91
17 113 87
17 114 54
17 115 62
18 116 25
18 117 84
18 118 29
18 119 68
18 120 92
18 121 82
18 122 96
18 123 16
18 124 74
18 0 5
18 1 59
18 2 88
18 3 90
18 4 71
18 5 62
18 6 34
18 7 16
18 8 21
18 9 2
18 10 14
18 11 35
18 12 13
18 13 22
18 14 34
18 15 14
18 16 36
18 17 91
18 19 4
18 20 74
18 21 45
18 22 65
18 23 50
18 24 28
18 25 93
18 26 17
18 27 72
18 28 27
18 29 64
18 30 87
18 31 52
18 32 68
18 33 45
18 34 39
18 35 10
18 36 15
18 37 52
18 38 43
18 39 83
18 40 72
18 41 96
18 42 96
18 43 59
18 44 9
18 45 18
18 46 44
18 47 22
18 48 5
18 49 34
18 50 25
18 51 78
18 52 78
19 53 41
19 54 28
19 55 58
19 56 85
19 57 96
19 58 29
19 59 63
19 60 60
19 61 67
19 62 14
19 63 79
19 64 63
19 65 4
19 66 40
19 67 29
19 68 56
19 69 83
19 70 11
19 71 79
19 72 78
19 73 59
19 74 89
19 75 38
19 76 76
19 77 32
19 78 59
19 79 32
19 80 66
19 81 35
19 82 9
19 83 95
19 84 27
19 85 88
19 86 4
19 87 64
19 88 36
19 89 84
19 90 26
19 91 95
19 92 50
19 93 92
19 94 25
19 95 64
19 96 47
19 97 65
19 98 93
19 99 54
19 100 99
19 101 55
19 102 33
19 103 76
19 104 13
19 105 21
19 106 14
19 107 40
19 108 5
19 109 24
19 110 71
19 111 22
19 112 59
19 113 32
19 114 68
20 115 37
20 116 19
20 117 72
20 118 100
20 119 6
20 120 55
20 121 78
20 122 100
20 123 57
20 124 21
20 0 77
20 1 72
20 2 67
20 3 93
20 4 64
20 5 73
20 6 91
20 7 71
20 8 5
20 9 66
20 10 83
20 11 77
20 12 31
20 13 75
20 14 33
20 15 55
20 16 45
20 17 54
20 18 65
20 19 28
20 21 22
20 22 1
20 23 47
20 24 45
20 25 53
20 26 52
20 27 51
20 28 82
20 29 4
20 30 59
20 31 2
20 32 32
20 33 31
20 34 20
20 35 24
20 36 94
20 37 92
20 38 14
20 39 16
20 40 48
20 41 31
20 42 51
20 43 77
20 44 14
20 45 25
20 46 9
20 47 68
20 48 21
20 49 15
20 50 84
20 51 49
21 52 36
21 53 36
21 54 47
21 55 32
21 56 88
21 57 50
21 58 34
21 59 69
21 60 5
21 61 93
21 62 22
21 63 36
21 64 23
21 65 42
21 66 11
21 67 68
21 68 33
21 69 76
21 70 84
21 71 33
21 72 7
21 73 34
21 74 9
21 75 72
21 76 10
21 77 69
21 78 39
21 79 30
21 80 83
21 81 74
21 82 78
21 83 70
21 84 9
21 85 24
21 86 1
21 87 97
21 88 74
21 89 35
21 90 17
21 91 78
21 92 27
21 93 39
21 94 66
21 95 1
21 96 32
21 97 76
21 98 68
21 99 16
21 100 52
21 101 51
21 102 48
21 103 10
21 104 36
21 105 56
21 106 81
21 107 45
21 108 77
21 109 71
21 110 75
21 111 59
21 112 44
21 113 4
22 114 29
22 115 52
22 116 28
22 117 81
22 118 100
22 119 53
22 120 15
22 121 69
22 122 30
22 123 93
22 124 7
22 0 95
22 1 93
22 2 90
22 3 23
22 4 13
22 5 5
22 6 74
22 7 15
22 8 53
22 9 35
22 10 51
22 11 60
22 12 67
22 13 47
22 14 36
22 15 37
22 16 73
22 17 95
22 18 80
22 19 77
22 20 75
22 21 83
22 23 4
22 24 55
22 25 35
22 26 56
22 27 70
22 28 3
22 29 37
22 30 14
22 31 61
22 32 84
22 33 59
22 34 50
22 35 6
22 36 71
22 37 54
22 38 31
22 39 85
22 40 6
22 41 65
22 42 87
22 43 18
22 44 31
22 45 34
22 46 5
22 47 19
22 48 6
22 49 99
22 50 50
23 51 82
23 52 25
23 53 32
23 54 37
23 55 80
23 56 66
23 57 44
23 58 1
23 59 68
23 60 81
23 61 14
23 62 28
23 63 64
23 64 72
23 65 29
23 66 69
23 67 42
23 68 83
23 69 51
23 70 79
23 71 40
23 72 15
23 73 65
23 74 57
23 75 97
23 76 98
23 77 62
23 78 15
23 79 4
23 80 12
23 81 64
23 82 37
23 83 37
23 84 47
23 85 74
23 86 68
23 87 13
23 88 69
23 89 68
23 90 32
23 91 49
23 92 81
23 93 12
23 94 64
23 95 5
23 96 40
23 97 84
23 98 98
23 99 74
23 100 34
23 101 76
23 102 14
23 103 100
23 104 41
23 105 22
23 106 96
23 107 90
23 108 35
23 109 62
23 110 45
23 111 99
23 112 77
24 113 82
24 114 87
24 115 24
24 116 7
24 117 54
24 118 88
24 119 75
24 120 21
24 121 71
24 122 76
24 123 1
24 124 34
24 0 39
24 1 57
24 2 26
24 3 23
24 4 55
24 5 99
24 6 56
24 7 30
24 8 64
24 9 8
24 10 22
24 11 38
24 12 3
24 13 12
24 14 72
24 15 17
24 16 56
24 17 22
24 18 93
24 19 89
24 20 8
24 21 68
24 22 47
24 23 61
24 25 7
24 26 22
24 27 33
24 28 78
24 29 49
24 30 86
24 31 63
24 32 87
24 33 42
24 34 88
24 35 61
24 36 96
24 37 39
24 38 69
24 39 78
24 40 2
24 41 76
24 42 51
24 43 91
24 44 30
24 45 62
24 46 15
24 47 46
24 48 70
24 49 36
25 50 91
25 51 58
25 52 44
25 53 58
25 54 5
25 55 56
25 56 17
25 57 78
25 58 89
25 59 94
25 60 78
25 61 26
25 62 8
25 63 64
25 64 67
25 65 96
25 66 77
25 67 15
25 68 34
25 69 45
25 70 92
25 71 87
25 72 72
25 73 42
25 74 78
25 75 1
25 76 56
25 77 92
25 78 47
25 79 25
25 80 79
25 81 89
25 82 34
25 83 74
25 84 46
25 85 90
25 86 30
25 87 62
25 88 19
25 89 70
25 90 7
25 91 96
25 92 95
25 93 15
25 94 12
25 95 13
25 96 62
25 97 88
25 98 27
25 99 95
25 100 84
25 101 70
25 102 33
25 103 55
25 104 64
25 105 62
25 106 55
25 107 19
25 108 5
25 109 53
25 110 95
25 111 84
26 112 41
26 113 80
26 114 57
26 115 39
26 116 70
26 117 38
26 118 52
26 119 88
26 120 59
26 121 59
26 122 84
26 123 5
26 124 25
26 0 95
26 1 18
26 2 86
26 3 34
26 4 96
26 5 32
26 6 17
26 7 18
26 8 64
26 9 23
26 10 81
26 11 78
26 12 29
26 13 51
26 14 82
26 15 82
26 16 45
26 17 65
26 18 74
26 19 24
26 20 74
26 21 12
26 22 45
26 23 63
26 24 64
26 25 33
26 27 22
26 28 74
26 29 68
26 30 78
26 31 98
26 32 14
26 33 47
26 34 83
26 35 99
26 36 43
26 37 66
26 38 67
26 39 60
26 40 81
26 41 89
26 42 92
26 43 58
26 44 17
26 45 42
26 46 40
26 47 50
26 48 38
27 49 56
27 50 24
27 51 13
27 52 81
27 53 35
27 54 58
27 55 44
27 56 98
27 57 42
27 58 17
27 59 71
27 60 61
27 61 94
27 62 20
27 63 74
27 64 41
27 65 54
27 66 24
27 67 35
27 68 19
27 69 90
27 70 46
27 71 100
27 72 78
27 73 37
27 74 9
27 75 46
27 76 78
27 77 100
27 78 96
27 79 67
27 80 56
27 81 71
27 82 79
27 83 88
27 84 5
27 85 36
27 86 31
27 87 55
27 88 29
27 89 47
27 90 77
27 91 89
27 92 93
27 93 97
27 94 14
27 95 33
27 96 50
27 97 37
27 98 67
27 99 21
27 100 26
27 101 64
27 102 72
27 103 55
27 104 100
27 105 80
27 106 53
27 107 29
27 108 80
27 109 100
27 110 95
28 111 87
28 112 70
28 113 73
28 114 74
28 115 74
28 116 61
28 117 57
28 118 80
28 119 89
28 120 3
28 121 57
28 122 30
28 123 95
28 124 5
28 0 43
28 1 79
28 2 6
28 3 80
28 4 97
28 5 26
28 6 57
28 7 60
28 8 97
28 9 12
28 10 11
28 11 77
28 12 16
28 13 39
28 14 56
28 15 15
28 16 85
28 17 94
28 18 84
28 19 10
28 20 67
28 21 9
28 22 22
28 23 23
28 24 89
28 25 62
28 26 78
28 27 45
28 29 91
28 30 24
28 31 1
28 32 34
28 33 55
28 34 6
28 35 13
28 36 51
28 37 32
28 38 21
28 39 63
28 40 28
28 41 84
28 42 73
28 43 56
28 44 99
28 45 64
28 46 63
28 47 13
29 48 48
29 49 56
29 50 48
29 51 9
29 52 75
29 53 57
29 54 30
29 55 97
29 56 45
29 57 92
29 58 26
29 59 41
29 60 82
29 61 2
29 62 41
29 63 15
29 64 56
29 65 46
29 66 79
29 67 58
29 68 29
29 69 52
29 70 20
29 71 57
29 72 35
29 73 93
29 74 64
29 75 34
29 76 8
29 77 27
29 78 98
29 79 55
29 80 82
29 81 46
29 82 64
29 83 56
29 84 54
29 85 45
29 86 5
29 87 98
29 88 36
29 89 82
29 90 90
29 91 70
29 92 83
29 93 82
29 94 36
29 95 90
29 96 79
29 97 67
29 98 48
29 99 8
29 100 18
29 101 19
29 102 16
29 103 52
29 104 63
29 105 79
29 106 37
29 107 70
29 108 5
29 109 87
30 110 77
30 111 39
30 112 32
30 113 40
30 114 94
30 115 85
30 116 36
30 117 50
30 118 34
30 119 72
30 120 84
30 121 75
30 122 41
30 123 66
30 124 56
30 0 76
30 1 8
30 2 34
30 3 42
30 4 7
30 5 41
30 6 11
30 7 25
30 8 8
30 9 63
30 10 40
30 11 87
30 12 51
30 13 9
30 14 43
30 15 37
30 16 85
30 17 81
30 18 20
30 19 76
30 20 27
30 21 56
30 22 12
30 23 28
30 24 89
30 25 35
30 26 11
30 27 15
30 28 75
30 29 77
30 31 70
30 32 2
30 33 36
30 34 4
30 35 96
30 36 94
30 37 96
30 38 6
30 39 70
30 40 4
30 41 20
30 42 9
30 43 42
30 44 71
30 45 18
30 46 84
31 47 59
31 48 54
31 49 65
31 50 79
31 51 82
31 52 43
31 53 34
31 54 93
31 55 70
31 56 75
31 57 27
31 58 81
31 59 89
31 60 53
31 61 9
31 62 11
31 63 54
31 64 44
31 65 14
31 66 1
31 67 37
31 68 61
31 69 7
31 70 6
31 71 64
31 72 26
31 73 67
31 74 5
31 75 48
31 76 36
31 77 41
31 78 7
31 79 89
31 80 5
31 81 85
31 82 70
31 83 47
31 84 70
31 85 14
31 86 68
31 87 96
31 88 92
31 89 48
31 90 37
31 91 44
31 92 56
31 93 47
31 94 50
31 95 51
31 96 60
31 97 50
31 98 87
31 99 72
31 100 8
31 101 45
31 102 88
31 103 86
31 104 11
31 105 44
31 106 33
31 107 46
31 108 84
32 109 39
32 110 86
32 111 40
32 112 75
32 113 8
32 114 38
32 115 97
32 116 21
32 117 6
32 118 92
32 119 65
32 120 53
32 121 28
32 122 8
32 123 9
32 124 74
32 0 9
32 1 11
32 2 85
32 3 11
32 4 98
32 5 9
32 6 18
32 7 94
32 8 96
32 9 3
32 10 56
32 11 39
32 12 36
32 13 53
32 14 23
32 15 26
32 16 90
32 17 62
32 18 53
32 19 97
32 20 100
32 21 1
32 22 70
32 23 5
32 24 44
32 25 34
32 26 9
32 27 24
32 28 93
32 29 69
32 30 97
32 31 2
32 33 80
32 34 34
32 35 12
32 36 77
32 37 42
32 38 81
32 39 22
32 40 89
32 41 84
32 42 29
32 43 27
32 44 71
32 45 81
33 46 49
33 47 48
33 48 22
33 49 63
33 50 100
33 51 19
33 52 62
33 53 52
33 54 40
33 55 18
33 56 96
33 57 25
33 58 26
33 59 19
33 60 17
33 61 95
33 62 67
33 63 18
33 64 74
33 65 52
33 66 81
33 67 2
33 68 45
33 69 62
33 70 75
33 71 33
33 72 97
33 73 3
33 74 60
33 75 67
33 76 35
33 77 60
33 78 14
33 79 56
33 80 22
33 81 66
33 82 26
33 83 35
33 84 69
33 85 17
33 86 4
33 87 64
33 88 41
33 89 30
33 90 82
33 91 58
33 92 76
33 93 49
33 94 27
33 95 1
33 96 100
33 97 8
33 98 2
33 99 45
33 100 21
33 101 76
33 102 77
33 103 17
33 104 30
33 105 88
33 106 35
33 107 64
34 108 48
34 109 100
34 110 71
34 111 21
34 112 17
34 113 49
34 114 8
34 115 86
34 116 65
34 117 11
34 118 49
34 119 6
34 120 92
34 121 83
34 122 15
34 123 67
34 124 31
34 0 41
34 1 67
34 2 82
34 3 100
34 4 68
34 5 78
34 6 72
34 7 95
34 8 7
34 9 40
34 10 76
34 11 94
34 12 74
34 13 91
34 14 93
34 15 74
34 16 62
34 17 66
34 18 42
34 19 62
34 20 73
34 21 27
34 22 26
34 23 35
34 24 28
34 25 83
34 26 27
34 27 10
34 28 97
34 29 93
34 30 92
34 31 38
34 32 12
34 33 25
34 35 89
34 36 31
34 37 3
34 38 61
34 39 26
34 40 9
34 41 100
34 42 53
34 43 54
34 44 26
35 45 44
35 46 99
35 47 51
35 48 57
35 49 16
35 50 92
35 51 18
35 52 40
35 53 71
35 54 43
35 55 74
35 56 98
35 57 26
35 58 52
35 59 59
35 60 22
35 61 45
35 62 50
35 63 11
35 64 56
35 65 74
35 66 52
35 67 38
35 68 28
35 69 64
35 70 15
35 71 88
35 72 15
35 73 68
35 74 94
35 75 40
35 76 11
35 77 44
35 78 42
35 79 67
35 80 59
35 81 34
35 82 84
35 83 50
35 84 4
35 85 78
35 86 75
35 87 53
35 88 3
35 89 27
35 90 11
35 91 77
35 92 23
35 93 12
35 94 39
35 95 30
35 96 37
35 97 42
35 98 67
35 99 17
35 100 5
35 101 82
35 102 4
35 103 72
35 104 49
35 105 97
35 106 11
36 107 11
36 108 92
36 109 53
36 110 77
36 111 50
36 112 38
36 113 12
36 114 51
36 115 93
36 116 41
36 117 26
36 118 45
36 119 44
36 120 52
36 121 7
36 122 72
36 123 74
36 124 70
36 0 62
36 1 3
36 2 58
36 3 4
36 4 69
36 5 74
36 6 60
36 7 2
36 8 78
36 9 31
36 10 50
36 11 26
36 12 94
36 13 60
36 14 18
36 15 98
36 16 88
36 17 19
36 18 35
36 19 51
36 20 70
36 21 27
36 22 92
36 23 95
36 24 23
36 25 87
36 26 98
36 27 81
36 28 10
36 29 71
36 30 2
36 31 71
36 32 25
36 33 59
36 34 26
36 35 45
36 37 85
36 38 86
36 39 47
36 40 62
36 41 68
36 42 48
36 43 39
37 44 61
37 45 8
37 46 8
37 47 58
37 48 47
37 49 27
37 50 44
37 51 98
37 52 48
37 53 22
37 54 41
37 55 94
37 56 96
37 57 27
37 58 91
37 59 28
37 60 36
37 61 13
37 62 29
37 63 58
37 64 37
37 65 40
37 66 36
37 67 81
37 68 24
37 69 73
37 70 79
37 71 37
37 72 40
37 73 27
37 74 27
37 75 53
37 76 86
37 77 35
37 78 10
37 79 32
37 80 13
37 81 6
37 82 81
37 83 60
37 84 27
37 85 21
37 86 5
37 87 23
37 88 99
37 89 95
37 90 50
37 91 86
37 92 7
37 93 31
37 94 96
37 95 95
37 96 70
37 97 31
37 98 75
37 99 45
37 100 3
37 101 54
37 102 81
37 103 42
37 104 32
37 105 7
38 106 94
38 107 17
38 108 41
38 109 56
38 110 48
38 111 5
38 112 61
38 113 81
38 114 64
38 115 39
38 116 53
38 117 20
38 118 13
38 119 4
38 120 14
38 121 15
38 122 89
38 123 72
38 124 45
38 0 84
38 1 66
38 2 66
38 3 14
38 4 93
38 5 10
38 6 16
38 7 98
38 8 90
38 9 10
38 10 29
38 11 48
38 12 55
38 13 45
38 14 41
38 15 62
38 16 44
38 17 45
38 18 74
38 19 76
38 20 61
38 21 13
38 22 29
38 23 80
38 24 77
38 25 32
38 26 94
38 27 91
38 28 72
38 29 17
38 30 35
38 31 8
38 32 83
38 33 52
38 34 21
38 35 27
38 36 61
38 37 89
38 39 24
38 40 2
38 41 50
38 42 4
39 43 50
39 44 4
39 45 48
39 46 90
39 47 18
39 48 43
39 49 34
39 50 91
39 51 19
39 52 94
39 53 3
39 54 99
39 55 26
39 56 32
39 57 82
39 58 71
39 59 22
39 60 53
39 61 87
39 62 9
39 63 12
39 64 21
39 65 60
39 66 85
39 67 47
39 68 73
39 69 73
39 70 22
39 71 74
39 72 74
39 73 25
39 74 75
39 75 29
39 76 24
39 77 16
39 78 46
39 79 67
39 80 50
39 81 37
39 82 37
39 83 95
39 84 91
39 85 87
39 86 72
39 87 22
39 88 68
39 89 42
39 90 44
39 91 72
39 92 29
39 93 52
39 94 84
39 95 49
39 96 63
39 97 68
39 98 48
39 99 35
39 100 92
39 101 69
39 102 61
39 103 65
39 104 94
40 105 35
40 106 93
40 107 17
40 108 51
40 109 91
40 110 35
40 111 52
40 112 27
40 113 23
40 114 98
40 115 69
40 116 9
40 117 70
40 118 91
40 119 76
40 120 11
40 121 86
40 122 100
40 123 91
40 124 89
40 0 83
40 1 40
40 2 51
40 3 2
40 4 39
40 5 38
40 6 93
40 7 7
40 8 98
40 9 9
40 10 100
40 11 84
40 12 1
40 13 69
40 14 34
40 15 43
40 16 55
40 17 85
40 18 69
40 19 78
40 20 35
40 21 38
40 22 86
40 23 4
40 24 80
40 25 14
40 26 66
40 27 17
40 28 13
40 29 57
40 30 5
40 31 47
40 32 48
40 33 7
40 34 48
40 35 86
40 36 44
40 37 40
40 38 44
40 39 93
40 41 100
41 42 96
41 43 77
41 44 52
41 45 16
41 46 62
41 47 95
41 48 70
41 49 47
41 50 63
41 51 99
41 52 33
41 53 52
41 54 85
41 55 88
41 56 83
41 57 50
41 58 53
41 59 99
41 60 62
41 61 61
41 62 3
41 63 8
41 64 60
41 65 62
41 66 7
41 67 45
41 68 5
41 69 98
41 70 41
41 71 50
41 72 97
41 73 36
41 74 26
41 75 48
41 76 51
41 77 87
41 78 42
41 79 72
41 80 85
41 81 57
41 82 71
41 83 69
41 84 8
41 85 7
41 86 56
41 87 91
41 88 56
41 89 9
41 90 89
41 91 69
41 92 21
41 93 44
41 94 76
41 95 81
41 96 5
41 97 34
41 98 77
41 99 61
41 100 31
41 101 17
41 102 10
41 103 27
42 104 52
42 105 87
42 106 74
42 107 54
42 108 26
42 109 68
42 110 26
42 111 62
42 112 24
42 113 48
42 114 31
42 115 83
42 116 54
42 117 86
42 118 73
42 119 9
42 120 46
42 121 14
42 122 77
42 123 67
42 124 57
42 0 4
42 1 47
42 2 13
42 3 89
42 4 23
42 5 73
42 6 19
42 7 40
42 8 35
42 9 45
42 10 43
42 11 21
42 12 70
42 13 49
42 14 46
42 15 37
42 16 74
42 17 60
42 18 60
42 19 73
42 20 90
42 21 43
42 22 26
42 23 75
42 24 67
42 25 86
42 26 21
42 27 32
42 28 14
42 29 87
42 30 40
42 31 69
42 32 33
42 33 52
42 34 57
42 35 7
42 36 77
42 37 75
42 38 46
42 39 11
42 40 71
43 41 41
43 42 31
43 44 40
43 45 89
43 46 29
43 47 29
43 48 14
43 49 88
43 50 88
43 51 86
43 52 29
43 53 82
43 54 11
43 55 3
43 56 1
43 57 96
43 58 75
43 59 32
43 60 61
43 61 61
43 62 72
43 63 29
43 64 45
43 65 75
43 66 85
43 67 52
43 68 51
43 69 59
43 70 49
43 71 61
43 72 81
43 73 89
43 74 44
43 75 20
43 76 77
43 77 72
43 78 48
43 79 42
43 80 11
43 81 88
43 82 27
43 83 39
43 84 21
43 85 89
43 86 93
43 87 21
43 88 36
43 89 68
43 90 53
43 91 96
43 92 80
43 93 76
43 94 24
43 95 25
43 96 50
43 97 60
43 98 28
43 99 1
43 100 70
43 101 76
43 102 61
44 103 50
44 104 17
44 105 4
44 106 70
44 107 45
44 108 27
44 109 69
44 110 87
44 111 89
44 112 56
44 113 65
44 114 79
44 115 29
44 116 54
44 117 72
44 118 49
44 119 89
44 120 91
44 121 1
44 122 37
44 123 70
44 124 28
44 0 60
44 1 94
44 2 78
44 3 72
44 4 73
44 5 78
44 6 41
44 7 49
44 8 38
44 9 91
44 10 65
44 11 94
44 12 12
44 13 61
44 14 72
44 15 80
44 16 47
44 17 61
44 18 88
44 19 12
44 20 39
44 21 16
44 22 65
44 23 62
44 24 16
44 25 5
44 26 52
44 27 17
44 28 41
44 29 22
44 30 44
44 31 53
44 32 67
44 33 73
44 34 76
44 35 40
44 36 50
44 37 16
44 38 88
44 39 40
45 40 6
45 41 4
45 42 85
45 43 17
45 44 64
45 46 56
45 47 49
45 48 63
45 49 16
45 50 88
45 51 74
45 52 7
45 53 55
45 54 90
45 55 68
45 56 70
45 57 46
45 58 20
45 59 38
45 60 39
45 61 93
45 62 82
45 63 43
45 64 59
45 65 6
45 66 18
45 67 98
45 68 56
45 69 33
45 70 37
45 71 47
45 72 91
45 73 92
45 74 31
45 75 59
45 76 56
45 77 86
45 78 7
45 79 70
45 80 54
45 81 46
45 82 95
45 83 60
45 84 100
45 85 36
45 86 27
45 87 70
45 88 81
45 89 98
45 90 7
45 91 71
45 92 90
45 93 40
45 94 13
45 95 1
45 96 46
45 97 82
45 98 98
45 99 53
45 100 67
45 101 87
46 102 99
46 103 57
46 104 78
46 105 81
46 106 67
46 107 85
46 108 66
46 109 26
46 110 54
46 111 19
46 112 71
46 113 48
46 114 30
46 115 71
46 116 83
46 117 57
46 118 40
46 119 16
46 120 6
46 121 98
46 122 86
46 123 48
46 124 38
46 0 51
46 1 48
46 2 35
46 3 84
46 4 97
46 5 87
46 6 50
46 7 83
46 8 37
46 9 58
46 10 61
46 11 17
46 12 25
46 13 45
46 14 82
46 15 50
46 16 99
46 17 53
46 18 20
46 19 98
46 20 82
46 21 42
46 22 81
46 23 90
46 24 33
46 25 96
46 26 48
46 27 31
46 28 33
46 29 95
46 30 20
46 31 83
46 32 94
46 33 54
46 34 67
46 35 90
46 36 92
46 37 68
46 38 73
47 39 28
47 40 26
47 41 85
47 42 96
47 43 2
47 44 29
47 45 29
47 46 51
47 48 79
47 49 81
47 50 22
47 51 77
47 52 15
47 53 64
47 54 9
47 55 4
47 56 96
47 57 56
47 58 51
47 59 78
47 60 88
47 61 97
47 62 97
47 63 23
47 64 90
47 65 2
47 66 41
47 67 80
47 68 93
47 69 8
47 70 4
47 71 72
47 72 85
47 73 88
47 74 67
47 75 86
47 76 68
47 77 48
47 78 88
47 79 47
47 80 28
47 81 10
47 82 75
47 83 94
47 84 73
47 85 83
47 86 50
47 87 20
47 88 38
47 89 100
47 90 98
47 91 77
47 92 49
47 93 46
47 94 51
47 95 38
47 96 48
47 97 91
47 98 69
47 99 92
47 100 51
48 101 24
48 102 16
48 103 87
48 104 11
48 105 34
48 106 73
48 107 79
48 108 81
48 109 60
48 110 77
48 111 61
48 112 21
48 113 51
48 114 54
48 115 45
48 116 33
48 117 3
48 118 65
48 119 22
48 120 55
48 121 14
48 122 98
48 123 3
48 124 59
48 0 49
48 1 92
48 2 58
48 3 91
48 4 13
48 5 2
48 6 41
48 7 36
48 8 69
48 9 80
48 10 47
48 11 2
48 12 52
48 13 77
48 14 83
48 15 63
48 16 53
48 17 43
48 18 36
48 19 3
48 20 48
48 21 80
48 22 87
48 23 51
48 24 44
48 25 8
48 26 57
48 27 9
48 28 57
48 29 11
48 30 68
48 31 57
48 32 2
48 33 77
48 34 48
48 35 14
48 36 30
48 37 40
49 38 2
49 39 98
49 40 19
49 41 100
49 42 100
49 43 22
49 44 76
49 45 34
49 46 37
49 47 80
49 48 28
49 50 72
49 51 34
49 52 75
49 53 51
49 54 72
49 55 77
49 56 47
49 57 31
49 58 33
49 59 55
49 60 87
49 61 43
49 62 74
49 63 44
49 64 97
49 65 3
49 66 91
49 67 62
49 68 32
49 69 82
49 70 63
49 71 30
49 72 1
49 73 62
49 74 81
49 75 22
49 76 89
49 77 14
49 78 58
49 79 20
49 80 93
49 81 81
49 82 53
49 83 67
49 84 32
49 85 76
49 86 96
49 87 30
49 88 6
49 89 28
49 90 84
49 91 93
49 92 23
49 93 10
49 94 88
49 95 19
49 96 12
49 97 30
49 98 32
49 99 43
50 100 11
50 101 95
50 102 24
50 103 11
50 104 8
50 105 4
50 106 85
50 107 49
50 108 69
50 109 94
50 110 20
50 111 61
50 112 75
50 113 25
50 114 80
50 115 58
50 116 100
50 117 75
50 118 87
50 119 6
50 120 54
50 121 22
50 122 98
50 123 28
50 124 31
50 0 37
50 1 98
50 2 42
50 3 66
50 4 30
50 5 37
50 6 76
50 7 76
50 8 60
50 9 39
50 10 35
50 11 64
50 12 23
50 13 35
50 14 84
50 15 68
50 16 55
50 17 45
50 18 42
50 19 79
50 20 24
50 21 51
50 22 78
50 23 50
50 24 89
50 25 83
50 26 55
50 27 11
50 28 32
50 29 83
50 30 93
50 31 68
50 32 80
50 33 35
50 34 33
50 35 9
50 36 71
51 37 61
51 38 36
51 39 82
51 40 99
51 41 71
51 42 97
51 43 73
51 44 5
51 45 81
51 46 40
51 47 11
51 48 25
51 49 34
51 50 89
51 52 100
51 53 84
51 54 67
51 55 1
51 56 73
51 57 1
51 58 55
51 59 35
51 60 85
51 61 37
51 62 27
51 63 4
51 64 69
51 65 13
51 66 37
51 67 77
51 68 35
51 69 49
51 70 65
51 71 17
51 72 47
51 73 87
51 74 13
51 75 19
51 76 43
51 77 45
51 78 58
51 79 54
51 80 21
51 81 91
51 82 42
51 83 72
51 84 27
51 85 60
51 86 72
51 87 51
51 88 13
51 89 27
51 90 85
51 91 97
51 92 15
51 93 63
51 94 100
51 95 83
51 96 28
51 97 88
51 98 12
52 99 62
52 100 36
52 101 76
52 102 30
52 103 34
52 104 14
52 105 43
52 106 52
52 107 56
52 108 39
52 109 62
52 110 9
52 111 60
52 112 52
52 113 3
52 114 31
52 115 30
52 116 62
52 117 3
52 118 80
52 119 26
52 120 81
52 121 16
52 122 22
52 123 95
52 124 79
52 0 74
52 1 30
52 2 6
52 3 13
52 4 93
52 5 67
52 6 1
52 7 68
52 8 49
52 9 34
52 10 33
52 11 43
52 12 86
52 13 88
52 14 81
52 15 47
52 16 97
52 17 40
52 18 50
52 19 99
52 20 71
52 21 32
52 22 12
52 23 25
52 24 11
52 25 38
52 26 5
52 27 27
52 28 11
52 29 51
52 30 5
52 31 36
52 32 32
52 33 62
52 34 49
52 35 24
53 36 80
53 37 1
53 38 43
53 39 28
53 40 34
53 41 75
53 42 70
53 43 71
53 44 63
53 45 51
53 46 69
53 47 11
53 48 90
53 49 19
53 50 9
53 51 12
53 52 50
53 54 72
53 55 36
53 56 12
53 57 61
53 58 40
53 59 38
53 60 72
53 61 43
53 62 94
53 63 59
53 64 74
53 65 7
53 66 59
53 67 98
53 68 87
53 69 59
53 70 40
53 71 14
53 72 93
53 73 67
53 74 36
53 75 63
53 76 29
53 77 86
53 78 32
53 79 39
53 80 27
53 81 2
53 82 99
53 83 91
53 84 3
53 85 70
53 86 26
53 87 14
53 88 83
53 89 18
53 90 4
53 91 54
53 92 60
53 93 49
53 94 12
53 95 85
53 96 56
53 97 23
54 98 34
54 99 42
54 100 81
54 101 26
54 102 7
54 103 73
54 104 92
54 105 42
54 106 88
54 107 20
54 108 79
54 109 19
54 110 10
54 111 58
54 112 72
54 113 8
54 114 48
54 115 74
54 116 29
54 117 73
54 118 39
54 119 11
54 120 42
54 121 94
54 122 16
54 123 1
54 124 43
54 0 80
54 1 38
54 2 98
54 3 2
54 4 71
54 5 91
54 6 82
54 7 96
54 8 97
54 9 7
54 10 39
54 11 91
54 12 94
54 13 58
54 14 69
54 15 12
54 16 19
54 17 78
54 18 35
54 19 78
54 20 25
54 21 8
54 22 59
54 23 50
54 24 98
54 25 21
54 26 91
54 27 92
54 28 37
54 29 44
54 30 34
54 31 68
54 32 81
54 33 83
54 34 21
55 35 3
55 36 73
55 37 54
55 38 51
55 39 69
55 40 60
55 41 89
55 42 11
55 43 53
55 44 99
55 45 80
55 46 16
55 47 17
55 48 9
55 49 2
55 50 47
55 51 34
55 52 9
55 53 5
55 54 83
55 56 59
55 57 25
55 58 25
55 59 50
55 60 13
55 61 68
55 62 35
55 63 32
55 64 100
55 65 17
55 66 52
55 67 55
55 68 41
55 69 6
55 70 5
55 71 61
55 72 17
55 73 45
55 74 72
55 75 22
55 76 43
55 77 51
55 78 89
55 79 12
55 80 11
55 81 91
55 82 58
55 83 44
55 84 51
55 85 14
55 86 78
55 87 9
55 88 90
55 89 3
55 90 10
55 91 55
55 92 22
55 93 44
55 94 86
55 95 74
55 96 12
56 97 90
56 98 28
56 99 52
56 100 47
56 101 84
56 102 65
56 103 15
56 104 28
56 105 36
56 106 36
56 107 23
56 108 38
56 109 25
56 110 86
56 111 48
56 112 67
56 113 95
56 114 92
56 115 17
56 116 8
56 117 21
56 118 78
56 119 49
56 120 75
56 121 87
56 122 3
56 123 49
56 124 83
56 0 41
56 1 22
56 2 46
56 3 82
56 4 1
56 5 50
56 6 80
56 7 36
56 8 14
56 9 94
56 10 15
56 11 49
56 12 82
56 13 37
56 14 86
56 15 58
56 16 22
56 17 33
56 18 24
56 19 68
56 20 76
56 21 92
56 22 27
56 23 97
56 24 69
56 25 76
56 26 23
56 27 8
56 28 30
56 29 71
56 30 42
56 31 22
56 32 92
56 33 87
57 34 55
57 35 44
57 36 88
57 37 34
57 38 79
57 39 1
57 40 28
57 41 94
57 42 1
57 43 9
57 44 82
57 45 86
57 46 66
57 47 56
57 48 71
57 49 41
57 50 23
57 51 98
57 52 32
57 53 50
57 54 94
57 55 53
57 56 77
57 58 17
57 59 60
57 60 6
57 61 87
57 62 1
57 63 80
57 64 31
57 65 39
57 66 34
57 67 26
57 68 27
57 69 68
57 70 5
57 71 79
57 72 47
57 73 50
57 74 80
57 75 7
57 76 31
57 77 17
57 78 24
57 79 38
57 80 87
57 81 64
57 82 61
57 83 37
57 84 95
57 85 62
57 86 30
57 87 99
57 88 38
57 89 98
57 90 58
57 91 95
57 92 37
57 93 10
57 94 74
57 95 19
58 96 49
58 97 60
58 98 44
58 99 27
58 100 27
58 101 100
58 102 5
58 103 25
58 104 1
58 105 84
58 106 31
58 107 32
58 108 53
58 109 54
58 110 21
58 111 91
58 112 69
58 113 81
58 114 27
58 115 15
58 116 94
58 117 9
58 118 14
58 119 83
58 120 58
58 121 23
58 122 78
58 123 94
58 124 33
58 0 3
58 1 64
58 2 33
58 3 62
58 4 8
58 5 11
58 6 40
58 7 59
58 8 15
58 9 64
58 10 60
58 11 51
58 12 94
58 13 43
58 14 3
58 15 99
58 16 63
58 17 45
58 18 67
58 19 96
58 20 72
58 21 82
58 22 89
58 23 80
58 24 47
58 25 72
58 26 37
58 27 69
58 28 1
58 29 83
58 30 1
58 31 3
58 32 46
59 33 85
59 34 17
59 35 5
59 36 95
59 37 56
59 38 16
59 39 62
59 40 20
59 41 75
59 42 12
59 43 65
59 44 69
59 45 66
59 46 64
59 47 31
59 48 10
59 49 82
59 50 78
59 51 33
59 52 15
59 53 19
59 54 64
59 55 61
59 56 42
59 57 53
59 58 30
59 60 42
59 61 87
59 62 82
59 63 96
59 64 84
59 65 19
59 66 12
59 67 41
59 68 13
59 69 68
59 70 56
59 71 26
59 72 87
59 73 82
59 74 37
59 75 3
59 76 50
59 77 54
59 78 66
59 79 80
59 80 16
59 81 100
59 82 58
59 83 48
59 84 66
59 85 76
59 86 64
59 87 27
59 88 17
59 89 16
59 90 8
59 91 10
59 92 2
59 93 41
59 94 5
60 95 85
60 96 59
60 97 17
60 98 77
60 99 24
60 100 84
60 101 32
60 102 49
60 103 22
60 104 13
60 105 38
60 106 24
60 107 62
60 108 91
60 109 42
60 110 94
60 111 6
60 112 93
60 113 3
60 114 6
60 115 58
60 116 78
60 117 69
60 118 84
60 119 46
60 120 36
60 121 43
60 122 55
60 123 89
60 124 84
60 0 11
60 1 25
60 2 94
60 3 79
60 4 2
60 5 17
60 6 14
60 7 33
60 8 18
60 9 35
60 10 98
60 11 55
60 12 11
60 13 59
60 14 97
60 15 4
60 16 52
60 17 55
60 18 96
60 19 54
60 20 60
60 21 53
60 22 83
60 23 80
60 24 89
60 25 80
60 26 67
60 27 83
60 28 86
60 29 55
60 30 66
60 31 97
61 32 31
61 33 12
61 34 75
61 35 32
61 36 80
61 37 41
61 38 17
61 39 97
61 40 75
61 41 14
61 42 3
61 43 37
61 44 24
61 45 100
61 46 40
61 47 28
61 48 54
61 49 35
61 50 33
61 51 65
61 52 40
61 53 68
61 54 96
61 55 80
61 56 47
61 57 14
61 58 62
61 59 85
61 60 68
61 62 80
61 63 33
61 64 50
61 65 91
61 66 59
61 67 34
61 68 70
61 69 99
61 70 50
61 71 19
61 72 74
61 73 15
61 74 21
61 75 10
61 76 90
61 77 20
61 78 2
61 79 17
61 80 25
61 81 36
61 82 50
61 83 41
61 84 27
61 85 69
61 86 36
61 87 6
61 88 15
61 89 49
61 90 68
61 91 51
61 92 68
61 93 47
62 94 83
62 95 70
62 96 37
62 97 42
62 98 3
62 99 58
62 100 40
62 101 52
62 102 76
62 103 65
62 104 18
62 105 97
62 106 75
62 107 7
62 108 68
62 109 28
62 110 24
62 111 45
62 112 15
62 113 25
62 114 85
62 115 42
62 116 45
62 117 73
62 118 47
62 119 11
62 120 73
62 121 66
62 122 62
62 123 93
62 124 12
62 0 44
62 1 62
62 2 100
62 3 85
62 4 64
62 5 58
62 6 25
62 7 67
62 8 85
62 9 89
62 10 84
62 11 81
62 12 15
62 13 42
62 14 1
62 15 94
62 16 17
62 17 45
62 18 9
62 19 93
62 20 29
62 21 50
62 22 37
62 23 53
62 24 48
62 25 48
62 26 26
62 27 14
62 28 61
62 29 18
62 30 77
63 31 4
63 32 31
63 33 29
63 34 41
63 35 94
63 36 86
63 37 17
63 38 12
63 39 22
63 40 57
63 41 47
63 42 55
63 43 24
63 44 88
63 45 55
63 46 17
63 47 5
63 48 99
63 49 25
63 50 49
63 51 79
63 52 26
63 53 86
63 54 84
63 55 74
63 56 85
63 57 9
63 58 39
63 59 45
63 60 78
63 61 15
63 62 48
63 64 8
63 65 43
63 66 40
63 67 53
63 68 80
63 69 56
63 70 64
63 71 2
63 72 13
63 73 10
63 74 56
63 75 36
63 76 97
63 77 62
63 78 4
63 79 53
63 80 12
63 81 29
63 82 2
63 83 90
63 84 54
63 85 39
63 86 25
63 87 79
63 88 23
63 89 33
63 90 17
63 91 67
63 92 62
64 93 32
64 94 66
64 95 69
64 96 26
64 97 6
64 98 21
64 99 6
64 100 13
64 101 84
64 102 59
64 103 77
64 104 45
64 105 66
64 106 64
64 107 42
64 108 27
64 109 68
64 110 46
64 111 38
64 112 96
64 113 47
64 114 79
64 115 1
64 116 85
64 117 4
64 118 80
64 119 59
64 120 88
64 121 96
64 122 25
64 123 50
64 124 79
64 0 43
64 1 70
64 2 5
64 3 100
64 4 91
64 5 62
64 6 12
64 7 26
64 8 20
64 9 89
64 10 71
64 11 85
64 12 52
64 13 64
64 14 11
64 15 71
64 16 9
64 17 100
64 18 66
64 19 8
64 20 78
64 21 19
64 22 44
64 23 33
64 24 50
64 25 3
64 26 21
64 27 45
64 28 79
64 29 22
65 30 76
65 31 21
65 32 91
65 33 80
65 34 20
65 35 33
65 36 93
65 37 84
65 38 59
65 39 12
65 40 24
65 41 81
65 42 48
65 43 27
65 44 96
65 45 10
65 46 98
65 47 56
65 48 9
65 49 15
65 50 15
65 51 38
65 52 85
65 53 59
65 54 71
65 55 34
65 56 61
65 57 43
65 58 31
65 59 39
65 60 64
65 61 6
65 62 12
65 63 6
65 64 37
65 66 83
65 67 39
65 68 29
65 69 18
65 70 49
65 71 92
65 72 41
65 73 81
65 74 91
65 75 20
65 76 76
65 77 100
65 78 69
65 79 83
65 80 60
65 81 35
65 82 98
65 83 97
65 84 20
65 85 8
65 86 19
65 87 5
65 88 68
65 89 13
65 90 35
65 91 58
66 92 28
66 93 92
66 94 21
66 95 34
66 96 28
66 97 4
66 98 72
66 99 8
66 100 21
66 101 72
66 102 51
66 103 14
66 104 52
66 105 41
66 106 85
66 107 79
66 108 92
66 109 5
66 110 61
66 111 51
66 112 39
66 113 10
66 114 100
66 115 10
66 116 17
66 117 70
66 118 15
66 119 36
66 120 83
66 121 49
66 122 94
66 123 62
66 124 41
66 0 66
66 1 95
66 2 20
66 3 69
66 4 18
66 5 80
66 6 42
66 7 89
66 8 30
66 9 7
66 10 40
66 11 71
66 12 43
66 13 70
66 14 14
66 15 47
66 16 31
66 17 65
66 18 37
66 19 92
66 20 16
66 21 47
66 22 9
66 23 85
66 24 61
66 25 44
66 26 19
66 27 61
66 28 89
67 29 81
67 30 53
67 31 55
67 32 27
67 33 73
67 34 75
67 35 45
67 36 52
67 37 68
67 38 85
67 39 33
67 40 74
67 41 77
67 42 55
67 43 68
67 44 46
67 45 69
67 46 14
67 47 28
67 48 33
67 49 51
67 50 20
67 51 48
67 52 49
67 53 28
67 54 84
67 55 61
67 56 23
67 57 3
67 58 21
67 59 64
67 60 35
67 61 26
67 62 18
67 63 61
67 64 98
67 65 44
67 66 57
67 68 1
67 69 12
67 70 94
67 71 85
67 72 37
67 73 70
67 74 40
67 75 5
67 76 67
67 77 8
67 78 70
67 79 47
67 80 92
67 81 72
67 82 66
67 83 91
67 84 20
67 85 45
67 86 26
67 87 80
67 88 19
67 89 28
67 90 53
68 91 82
68 92 14
68 93 78
68 94 51
68 95 75
68 96 27
68 97 95
68 98 83
68 99 79
68 100 58
68 101 76
68 102 63
68 103 46
68 104 97
68 105 54
68 106 2
68 107 16
68 108 13
68 109 72
68 110 62
68 111 56
68 112 95
68 113 79
68 114 98
68 115 67
68 116 75
68 117 24
68 118 98
68 119 93
68 120 3
68 121 50
68 122 27
68 123 17
68 124 79
68 0 77
68 1 43
68 2 5
68 3 23
68 4 77
68 5 35
68 6 32
68 7 5
68 8 98
68 9 78
68 10 1
68 11 3
68 12 79
68 13 68
68 14 16
68 15 2
68 16 81
68 17 71
68 18 49
68 19 59
68 20 69
68 21 15
68 22 33
68 23 44
68 24 12
68 25 78
68 26 46
68 27 14
69 28 4
69 29 14
69 30 92
69 31 32
69 32 56
69 33 49
69 34 7
69 35 33
69 36 83
69 37 38
69 38 37
69 39 32
69 40 67
69 41 89
69 42 35
69 43 98
69 44 57
69 45 50
69 46 51
69 47 37
69 48 72
69 49 99
69 50 48
69 51 92
69 52 65
69 53 32
69 54 35
69 55 77
69 56 9
69 57 81
69 58 90
69 59 64
69 60 94
69 61 33
69 62 96
69 63 2
69 64 81
69 65 54
69 66 86
69 67 64
69 68 91
69 70 74
69 71 95
69 72 58
69 73 62
69 74 81
69 75 7
69 76 70
69 77 82
69 78 57
69 79 59
69 80 54
69 81 56
69 82 6
69 83 45
69 84 20
69 85 89
69 86 32
69 87 48
69 88 98
69 89 64
70 90 89
70 91 13
70 92 9
70 93 22
70 94 60
70 95 10
70 96 2
70 97 13
70 98 95
70 99 65
70 100 56
70 101 68
70 102 12
70 103 13
70 104 82
70 105 92
70 106 71
70 107 51
70 108 74
70 109 27
70 110 61
70 111 79
70 112 82
70 113 18
70 114 75
70 115 54
70 116 7
70 117 6
70 118 53
70 119 56
70 120 69
70 121 42
70 122 68
70 123 78
70 124 63
70 0 28
70 1 39
70 2 64
70 3 92
70 4 86
70 5 81
70 6 47
70 7 5
70 8 92
70 9 11
70 10 86
70 11 35
70 12 81
70 13 89
70 14 60
70 15 8
70 16 1
70 17 38
70 18 41
70 19 19
70 20 13
70 21 46
70 22 25
70 23 18
70 24 99
70 25 80
70 26 39
71 27 40
71 28 99
71 29 68
71 30 54
71 31 78
71 32 58
71 33 17
71 34 70
71 35 43
71 36 49
71 37 68
71 38 48
71 39 92
71 40 79
71 41 85
71 42 27
71 43 11
71 44 25
71 45 86
71 46 70
71 47 26
71 48 24
71 49 63
71 50 44
71 51 88
71 52 8
71 53 20
71 54 57
71 55 58
71 56 99
71 57 95
71 58 49
71 59 49
71 60 14
71 61 2
71 62 27
71 63 72
71 64 19
71 65 48
71 66 14
71 67 19
71 68 15
71 69 13
71 70 11
71 72 45
71 73 50
71 74 37
71 75 8
71 76 74
71 77 74
71 78 77
71 79 51
71 80 49
71 81 39
71 82 94
71 83 36
71 84 99
71 85 13
71 86 93
71 87 8
71 88 63
72 89 87
72 90 57
72 91 12
72 92 53
72 93 58
72 94 38
72 95 24
72 96 28
72 97 85
72 98 89
72 99 99
72 100 51
72 101 2
72 102 9
72 103 96
72 104 51
72 105 97
72 106 3
72 107 76
72 108 70
72 109 31
72 110 27
72 111 19
72 112 22
72 113 72
72 114 6
72 115 72
72 116 37
72 117 98
72 118 79
72 119 99
72 120 37
72 121 87
72 122 62
72 123 89
72 124 97
72 0 51
72 1 12
72 2 76
72 3 87
72 4 100
72 5 74
72 6 38
72 7 53
72 8 82
72 9 85
72 10 55
72 11 78
72 12 39
72 13 83
72 14 100
72 15 69
72 16 9
72 17 70
72 18 42
72 19 32
72 20 75
72 21 13
72 22 68
72 23 73
72 24 44
72 25 19
73 26 61
73 27 30
73 28 80
73 29 49
73 30 26
73 31 31
73 32 12
73 33 54
73 34 69
73 35 63
73 36 27
73 37 58
73 38 68
73 39 61
73 40 42
73 41 22
73 42 90
73 43 32
73 44 4
73 45 89
73 46 53
73 47 64
73 48 10
73 49 94
73 50 96
73 51 85
73 52 7
73 53 63
73 54 9
73 55 2
73 56 81
73 57 69
73 58 31
73 59 13
73 60 69
73 61 9
73 62 95
73 63 32
73 64 62
73 65 63
73 66 94
73 67 40
73 68 21
73 69 61
73 70 100
73 71 14
73 72 35
73 74 42
73 75 46
73 76 90
73 77 82
73 78 98
73 79 54
73 80 92
73 81 43
73 82 1
73 83 28
73 84 49
73 85 63
73 86 36
73 87 2
74 88 96
74 89 56
74 90 33
74 91 8
74 92 76
74 93 93
74 94 54
74 95 7
74 96 6
74 97 16
74 98 52
74 99 45
74 100 88
74 101 65
74 102 97
74 103 2
74 104 99
74 105 38
74 106 99
74 107 88
74 108 19
74 109 48
74 110 93
74 111 62
74 112 90
74 113 93
74 114 89
74 115 91
74 116 8
74 117 24
74 118 92
74 119 3
74 120 31
74 121 76
74 122 62
74 123 6
74 124 68
74 0 15
74 1 12
74 2 73
74 3 82
74 4 64
74 5 70
74 6 22
74 7 28
74 8 18
74 9 23
74 10 78
74 11 55
74 12 73
74 13 17
74 14 25
74 15 20
74 16 62
74 17 39
74 18 9
74 19 54
74 20 27
74 21 51
74 22 61
74 23 3
74 24 43
75 25 15
75 26 33
75 27 18
75 28 28
75 29 91
75 30 86
75 31 94
75 32 54
75 33 10
75 34 76
75 35 17
75 36 31
75 37 97
75 38 96
75 39 48
75 40 71
75 41 25
75 42 54
75 43 95
75 44 42
75 45 31
75 46 14
75 47 55
75 48 69
75 49 74
75 50 8
75 51 47
75 52 25
75 53 21
75 54 49
75 55 19
75 56 87
75 57 34
75 58 36
75 59 15
75 60 76
75 61 73
75 62 8
75 63 29
75 64 35
75 65 35
75 66 98
75 67 65
75 68 83
75 69 93
75 70 65
75 71 5
75 72 70
75 73 18
75 74 99
75 76 63
75 77 100
75 78 64
75 79 17
75 80 68
75 81 90
75 82 76
75 83 15
75 84 14
75 85 96
75 86 15
76 87 84
76 88 83
76 89 100
76 90 19
76 91 49
76 92 75
76 93 44
76 94 56
76 95 4
76 96 78
76 97 43
76 98 1
76 99 94
76 100 25
76 101 45
76 102 58
76 103 30
76 104 66
76 105 28
76 106 28
76 107 28
76 108 27
76 109 44
76 110 44
76 111 95
76 112 33
76 113 72
76 114 61
76 115 98
76 116 67
76 117 27
76 118 81
76 119 1
76 120 27
76 121 51
76 122 49
76 123 53
76 124 94
76 0 57
76 1 56
76 2 71
76 3 51
76 4 8
76 5 17
76 6 75
76 7 53
76 8 74
76 9 56
76 10 18
76 11 1
76 12 36
76 13 98
76 14 28
76 15 79
76 16 93
76 17 74
76 18 63
76 19 64
76 20 86
76 21 60
76 22 83
76 23 64
77 24 40
77 25 83
77 26 42
77 27 42
77 28 84
77 29 95
77 30 36
77 31 92
77 32 2
77 33 58
77 34 42
77 35 10
77 36 74
77 37 16
77 38 14
77 39 48
77 40 24
77 41 83
77 42 100
77 43 59
77 44 80
77 45 79
77 46 89
77 47 25
77 48 52
77 49 51
77 50 88
77 51 89
77 52 10
77 53 70
77 54 53
77 55 1
77 56 53
77 57 94
77 58 42
77 59 88
77 60 88
77 61 29
77 62 79
77 63 90
77 64 87
77 65 20
77 66 51
77 67 12
77 68 87
77 69 64
77 70 11
77 71 10
77 72 46
77 73 11
77 74 20
77 75 78
77 76 89
77 78 8
77 79 2
77 80 93
77 81 58
77 82 89
77 83 81
77 84 19
77 85 11
78 86 85
78 87 71
78 88 15
78 89 31
78 90 65
78 91 2
78 92 18
78 93 93
78 94 80
78 95 59
78 96 31
78 97 51
78 98 61
78 99 43
78 100 37
78 101 24
78 102 5
78 103 99
78 104 22
78 105 15
78 106 18
78 107 99
78 108 56
78 109 26
78 110 52
78 111 100
78 112 35
78 113 92
78 114 80
78 115 6
78 116 2
78 117 17
78 118 76
78 119 16
78 120 47
78 121 40
78 122 69
78 123 16
78 124 85
78 0 48
78 1 27
78 2 15
78 3 50
78 4 87
78 5 9
78 6 87
78 7 63
78 8 14
78 9 85
78 10 84
78 11 80
78 12 54
78 13 34
78 14 87
78 15 79
78 16 85
78 17 86
78 18 66
78 19 76
78 20 18
78 21 71
78 22 30
79 23 34
79 24 98
79 25 45
79 26 80
79 27 90
79 28 14
79 29 47
79 30 26
79 31 13
79 32 73
79 33 92
79 34 63
79 35 60
79 36 1
79 37 1
79 38 22
79 39 66
79 40 37
79 41 57
79 42 97
79 43 90
79 44 42
79 45 84
79 46 21
79 47 26
79 48 69
79 49 86
79 50 53
79 51 86
79 52 8
79 53 82
79 54 71
79 55 57
79 56 79
79 57 50
79 58 46
79 59 44
79 60 97
79 61 23
79 62 8
79 63 21
79 64 15
79 65 22
79 66 80
79 67 15
79 68 74
79 69 53
79 70 32
79 71 10
79 72 61
79 73 28
79 74 100
79 75 2
79 76 11
79 77 20
79 78 79
79 80 32
79 81 57
79 82 32
79 83 17
79 84 16
80 85 65
80 86 88
80 87 72
80 88 95
80 89 89
80 90 70
80 91 38
80 92 37
80 93 92
80 94 98
80 95 58
80 96 6
80 97 71
80 98 89
80 99 72
80 100 45
80 101 94
80 102 3
80 103 54
80 104 54
80 105 83
80 106 5
80 107 56
80 108 45
80 109 76
80 110 34
80 111 76
80 112 32
80 113 17
80 114 45
80 115 47
80 116 34
80 117 84
80 118 71
80 119 28
80 120 24
80 121 40
80 122 18
80 123 61
80 124 83
80 0 15
80 1 70
80 2 89
80 3 85
80 4 58
80 5 60
80 6 81
80 7 51
80 8 15
80 9 35
80 10 57
80 11 97
80 12 39
80 13 64
80 14 93
80 15 15
80 16 97
80 17 69
80 18 98
80 19 66
80 20 65
80 21 97
81 22 99
81 23 48
81 24 67
81 25 78
81 26 71
81 27 58
81 28 95
81 29 83
81 30 40
81 31 61
81 32 52
81 33 28
81 34 98
81 35 62
81 36 40
81 37 78
81 38 64
81 39 6
81 40 64
81 41 20
81 42 54
81 43 3
81 44 83
81 45 46
81 46 69
81 47 32
81 48 66
81 49 18
81 50 49
81 51 30
81 52 14
81 53 99
81 54 29
81 55 32
81 56 76
81 57 100
81 58 89
81 59 23
81 60 34
81 61 29
81 62 83
81 63 38
81 64 8
81 65 32
81 66 99
81 67 47
81 68 10
81 69 14
81 70 4
81 71 25
81 72 86
81 73 57
81 74 79
81 75 20
81 76 55
81 77 47
81 78 3
81 79 20
81 80 17
81 82 51
81 83 50
82 84 82
82 85 1
82 86 78
82 87 14
82 88 29
82 89 29
82 90 2
82 91 51
82 92 15
82 93 82
82 94 85
82 95 52
82 96 90
82 97 17
82 98 2
82 99 88
82 100 78
82 101 67
82 102 92
82 103 2
82 104 52
82 105 100
82 106 81
82 107 72
82 108 54
82 109 79
82 110 26
82 111 74
82 112 47
82 113 29
82 114 75
82 115 29
82 116 29
82 117 4
82 118 42
82 119 57
82 120 85
82 121 43
82 122 7
82 123 99
82 124 25
82 0 44
82 1 2
82 2 66
82 3 60
82 4 3
82 5 53
82 6 89
82 7 69
82 8 96
82 9 42
82 10 73
82 11 96
82 12 22
82 13 44
82 14 1
82 15 53
82 16 69
82 17 26
82 18 99
82 19 97
82 20 52
83 21 27
83 22 78
83 23 56
83 24 68
83 25 34
83 26 92
83 27 63
83 28 93
83 29 90
83 30 39
83 31 88
83 32 91
83 33 4
83 34 99
83 35 45
83 36 8
83 37 87
83 38 65
83 39 56
83 40 28
83 41 37
83 42 51
83 43 2
83 44 80
83 45 3
83 46 6
83 47 1
83 48 29
83 49 4
83 50 49
83 51 80
83 52 83
83 53 78
83 54 87
83 55 50
83 56 64
83 57 78
83 58 64
83 59 56
83 60 67
83 61 54
83 62 95
83 63 9
83 64 9
83 65 93
83 66 5
83 67 69
83 68 79
83 69 70
83 70 24
83 71 58
83 72 6
83 73 74
83 74 11
83 75 38
83 76 28
83 77 16
83 78 90
83 79 56
83 80 20
83 81 38
83 82 88
84 83 54
84 85 68
84 86 26
84 87 55
84 88 31
84 89 4
84 90 19
84 91 38
84 92 22
84 93 24
84 94 32
84 95 83
84 96 33
84 97 24
84 98 87
84 99 1
84 100 54
84 101 56
84 102 24
84 103 11
84 104 62
84 105 49
84 106 22
84 107 99
84 108 76
84 109 89
84 110 88
84 111 84
84 112 60
84 113 77
84 114 71
84 115 13
84 116 44
84 117 96
84 118 68
84 119 74
84 120 51
84 121 86
84 122 63
84 123 73
84 124 9
84 0 94
84 1 7
84 2 93
84 3 69
84 4 93
84 5 93
84 6 22
84 7 49
84 8 68
84 9 85
84 10 10
84 11 16
84 12 6
84 13 60
84 14 44
84 15 46
84 16 47
84 17 27
84 18 6
84 19 75
85 20 49
85 21 18
85 22 19
85 23 96
85 24 85
85 25 44
85 26 99
85 27 22
85 28 59
85 29 23
85 30 31
85 31 52
85 32 29
85 33 75
85 34 21
85 35 21
85 36 20
85 37 42
85 38 69
85 39 87
85 40 26
85 41 30
85 42 55
85 43 83
85 44 89
85 45 98
85 46 81
85 47 87
85 48 76
85 49 86
85 50 14
85 51 76
85 52 3
85 53 32
85 54 71
85 55 88
85 56 27
85 57 69
85 58 9
85 59 85
85 60 91
85 61 91
85 62 89
85 63 71
85 64 18
85 65 9
85 66 92
85 67 37
85 68 2
85 69 60
85 70 23
85 71 80
85 72 42
85 73 77
85 74 14
85 75 82
85 76 26
85 77 94
85 78 69
85 79 1
85 80 79
85 81 82
86 82 76
86 83 34
86 84 65
86 85 99
86 87 21
86 88 43
86 89 19
86 90 81
86 91 80
86 92 62
86 93 24
86 94 68
86 95 32
86 96 41
86 97 28
86 98 23
86 99 29
86 100 81
86 101 35
86 102 51
86 103 12
86 104 76
86 105 80
86 106 26
86 107 9
86 108 57
86 109 71
86 110 77
86 111 58
86 112 2
86 113 10
86 114 85
86 115 35
86 116 26
86 117 35
86 118 7
86 119 21
86 120 54
86 121 39
86 122 100
86 123 67
86 124 14
86 0 19
86 1 98
86 2 54
86 3 98
86 4 73
86 5 82
86 6 78
86 7 7
86 8 85
86 9 90
86 10 34
86 11 16
86 12 67
86 13 42
86 14 72
86 15 89
86 16 71
86 17 81
86 18 42
87 19 32
87 20 18
87 21 76
87 22 58
87 23 52
87 24 34
87 25 30
87 26 57
87 27 25
87 28 29
87 29 23
87 30 38
87 31 47
87 32 21
87 33 44
87 34 44
87 35 45
87 36 77
87 37 73
87 38 51
87 39 61
87 40 14
87 41 36
87 42 28
87 43 32
87 44 29
87 45 100
87 46 73
87 47 99
87 48 32
87 49 14
87 50 83
87 51 49
87 52 42
87 53 92
87 54 53
87 55 75
87 56 21
87 57 61
87 58 99
87 59 49
87 60 84
87 61 89
87 62 47
87 63 56
87 64 32
87 65 42
87 66 100
87 67 8
87 68 66
87 69 2
87 70 21
87 71 80
87 72 37
87 73 100
87 74 63
87 75 65
87 76 51
87 77 35
87 78 16
87 79 83
87 80 49
88 81 98
88 82 83
88 83 90
88 84 89
88 85 87
88 86 16
88 87 9
88 89 48
88 90 67
88 91 9
88 92 31
88 93 55
88 94 55
88 95 38
88 96 38
88 97 48
88 98 37
88 99 97
88 100 13
88 101 38
88 102 17
88 103 92
88 104 26
88 105 17
88 106 55
88 107 90
88 108 67
88 109 89
88 110 57
88 111 1
88 112 89
88 113 54
88 114 84
88 115 78
88 116 94
88 117 22
88 118 94
88 119 2
88 120 69
88 121 12
88 122 10
88 123 51
88 124 66
88 0 16
88 1 88
88 2 3
88 3 63
88 4 24
88 5 99
88 6 76
88 7 13
88 8 68
88 9 19
88 10 38
88 11 36
88 12 25
88 13 80
88 14 54
88 15 66
88 16 36
88 17 7
89 18 54
89 19 42
89 20 42
89 21 84
89 22 35
89 23 63
89 24 29
89 25 89
89 26 32
89 27 40
89 28 50
89 29 82
89 30 57
89 31 66
89 32 70
89 33 11
89 34 80
89 35 45
89 36 61
89 37 7
89 38 58
89 39 28
89 40 78
89 41 47
89 42 15
89 43 2
89 44 26
89 45 21
89 46 19
89 47 62
89 48 27
89 49 73
89 50 55
89 51 68
89 52 8
89 53 89
89 54 30
89 55 36
89 56 77
89 57 13
89 58 27
89 59 27
89 60 95
89 61 83
89 62 44
89 63 16
89 64 93
89 65 75
89 66 60
89 67 53
89 68 82
89 69 69
89 70 33
89 71 59
89 72 16
89 73 99
89 74 12
89 75 41
89 76 19
89 77 31
89 78 54
89 79 45
90 80 55
90 81 60
90 82 64
90 83 14
90 84 49
90 85 94
90 86 1
90 87 77
90 88 58
90 89 27
90 91 55
90 92 52
90 93 61
90 94 98
90 95 19
90 96 53
90 97 73
90 98 31
90 99 57
90 100 6
90 101 99
90 102 41
90 103 16
90 104 66
90 105 40
90 106 79
90 107 59
90 108 58
90 109 61
90 110 12
90 111 55
90 112 67
90 113 24
90 114 18
90 115 80
90 116 72
90 117 63
90 118 80
90 119 48
90 120 21
90 121 58
90 122 55
90 123 24
90 124 18
90 0 52
90 1 95
90 2 70
90 3 76
90 4 25
90 5 79
90 6 33
90 7 23
90 8 19
90 9 48
90 10 89
90 11 58
90 12 27
90 13 47
90 14 68
90 15 39
90 16 10
91 17 74
91 18 6
91 19 33
91 20 43
91 21 85
91 22 56
91 23 58
91 24 17
91 25 56
91 26 78
91 27 74
91 28 10
91 29 53
91 30 92
91 31 13
91 32 47
91 33 13
91 34 41
91 35 71
91 36 91
91 37 73
91 38 46
91 39 62
91 40 73
91 41 86
91 42 71
91 43 51
91 44 84
91 45 90
91 46 89
91 47 45
91 48 63
91 49 94
91 50 78
91 51 6
91 52 31
91 53 85
91 54 63
91 55 47
91 56 40
91 57 92
91 58 72
91 59 1
91 60 96
91 61 15
91 62 14
91 63 95
91 64 28
91 65 6
91 66 65
91 67 70
91 68 78
91 69 62
91 70 83
91 71 2
91 72 47
91 73 54
91 74 52
91 75 82
91 76 43
91 77 93
91 78 27
92 79 6
92 80 86
92 81 56
92 82 63
92 83 68
92 84 40
92 85 77
92 86 66
92 87 32
92 88 20
92 89 38
92 90 32
92 91 15
92 93 52
92 94 97
92 95 9
92 96 31
92 97 54
92 98 26
92 99 1
92 100 32
92 101 87
92 102 83
92 103 85
92 104 86
92 105 36
92 106 37
92 107 67
92 108 31
92 109 81
92 110 93
92 111 88
92 112 66
92 113 48
92 114 50
92 115 86
92 116 40
92 117 26
92 118 51
92 119 71
92 120 45
92 121 88
92 122 54
92 123 11
92 124 92
92 0 3
92 1 20
92 2 22
92 3 56
92 4 97
92 5 22
92 6 39
92 7 35
92 8 57
92 9 24
92 10 20
92 11 44
92 12 12
92 13 39
92 14 74
92 15 92
93 16 31
93 17 61
93 18 9
93 19 31
93 20 62
93 21 94
93 22 70
93 23 39
93 24 97
93 25 92
93 26 35
93 27 84
93 28 45
93 29 46
93 30 27
93 31 47
93 32 17
93 33 49
93 34 55
93 35 13
93 36 22
93 37 93
93 38 47
93 39 78
93 40 16
93 41 19
93 42 74
93 43 79
93 44 57
93 45 99
93 46 70
93 47 39
93 48 12
93 49 79
93 50 69
93 51 73
93 52 24
93 53 90
93 54 12
93 55 20
93 56 81
93 57 98
93 58 56
93 59 26
93 60 95
93 61 82
93 62 24
93 63 11
93 64 82
93 65 78
93 66 75
93 67 4
93 68 23
93 69 74
93 70 33
93 71 38
93 72 44
93 73 58
93 74 17
93 75 100
93 76 57
93 77 38
94 78 38
94 79 68
94 80 68
94 81 59
94 82 92
94 83 92
94 84 48
94 85 55
94 86 63
94 87 29
94 88 53
94 89 70
94 90 6
94 91 47
94 92 52
94 93 29
94 95 10
94 96 85
94 97 59
94 98 36
94 99 40
94 100 81
94 101 9
94 102 73
94 103 70
94 104 4
94 105 82
94 106 38
94 107 3
94 108 38
94 109 76
94 110 93
94 111 57
94 112 95
94 113 3
94 114 1
94 115 38
94 116 50
94 117 55
94 118 1
94 119 78
94 120 59
94 121 70
94 122 35
94 123 58
94 124 73
94 0 64
94 1 67
94 2 10
94 3 74
94 4 2
94 5 49
94 6 6
94 7 63
94 8 73
94 9 75
94 10 66
94 11 55
94 12 65
94 13 21
94 14 44
95 15 92
95 16 65
95 17 1
95 18 86
95 19 67
95 20 53
95 21 24
95 22 16
95 23 59
95 24 24
95 25 46
95 26 18
95 27 45
95 28 80
95 29 75
95 30 70
95 31 95
95 32 93
95 33 79
95 34 20
95 35 46
95 36 27
95 37 25
95 38 60
95 39 100
95 40 52
95 41 78
95 42 54
95 43 16
95 44 98
95 45 97
95 46 7
95 47 14
95 48 49
95 49 44
95 50 80
95 51 53
95 52 67
95 53 47
95 54 12
95 55 42
95 56 44
95 57 29
95 58 39
95 59 76
95 60 55
95 61 8
95 62 22
95 63 99
95 64 86
95 65 94
95 66 44
95 67 12
95 68 18
95 69 4
95 70 63
95 71 69
95 72 33
95 73 68
95 74 36
95 75 82
95 76 17
96 77 42
96 78 95
96 79 17
96 80 86
96 81 26
96 82 70
96 83 4
96 84 24
96 85 81
96 86 46
96 87 20
96 88 61
96 89 84
96 90 95
96 91 67
96 92 43
96 93 68
96 94 65
96 95 28
96 97 61
96 98 60
96 99 91
96 100 79
96 101 15
96 102 6
96 103 99
96 104 47
96 105 73
96 106 87
96 107 28
96 108 89
96 109 80
96 110 22
96 111 6
96 112 65
96 113 99
96 114 27
96 115 21
96 116 23
96 117 7
96 118 18
96 119 42
96 120 19
96 121 53
96 122 88
96 123 85
96 124 95
96 0 55
96 1 1
96 2 74
96 3 16
96 4 60
96 5 16
96 6 46
96 7 27
96 8 21
96 9 96
96 10 73
96 11 46
96 12 82
96 13 1
97 14 34
97 15 62
97 16 74
97 17 91
97 18 78
97 19 73
97 20 17
97 21 50
97 22 47
97 23 75
97 24 67
97 25 88
97 26 45
97 27 19
97 28 75
97 29 81
97 30 65
97 31 81
97 32 81
97 33 38
97 34 48
97 35 93
97 36 6
97 37 45
97 38 71
97 39 26
97 40 41
97 41 43
97 42 71
97 43 74
97 44 95
97 45 57
97 46 35
97 47 69
97 48 99
97 49 65
97 50 93
97 51 68
97 52 14
97 53 39
97 54 94
97 55 33
97 56 78
97 57 39
97 58 51
97 59 4
97 60 19
97 61 68
97 62 84
97 63 52
97 64 5
97 65 84
97 66 96
97 67 62
97 68 28
97 69 66
97 70 88
97 71 68
97 72 60
97 73 10
97 74 42
97 75 55
98 76 18
98 77 28
98 78 75
98 79 17
98 80 44
98 81 19
98 82 36
98 83 10
98 84 9
98 85 29
98 86 42
98 87 86
98 88 67
98 89 44
98 90 41
98 91 38
98 92 11
98 93 24
98 94 41
98 95 68
98 96 59
98 97 88
98 99 29
98 100 87
98 101 5
98 102 68
98 103 54
98 104 64
98 105 78
98 106 47
98 107 70
98 108 47
98 109 27
98 110 44
98 111 15
98 112 22
98 113 62
98 114 50
98 115 31
98 116 70
98 117 79
98 118 72
98 119 7
98 120 45
98 121 16
98 122 47
98 123 34
98 124 26
98 0 23
98 1 26
98 2 45
98 3 81
98 4 13
98 5 74
98 6 67
98 7 69
98 8 41
98 9 73
98 10 33
98 11 70
98 12 71
99 13 2
99 14 17
99 15 49
99 16 98
99 17 31
99 18 71
99 19 59
99 20 33
99 21 53
99 22 81
99 23 11
99 24 25
99 25 39
99 26 7
99 27 92
99 28 86
99 29 41
99 30 69
99 31 60
99 32 18
99 33 14
99 34 40
99 35 31
99 36 39
99 37 59
99 38 99
99 39 79
99 40 83
99 41 83
99 42 1
99 43 53
99 44 37
99 45 69
99 46 54
99 47 34
99 48 51
99 49 24
99 50 44
99 51 83
99 52 76
99 53 76
99 54 93
99 55 52
99 56 15
99 57 100
99 58 43
99 59 100
99 60 92
99 61 64
99 62 11
99 63 9
99 64 77
99 65 2
99 66 91
99 67 15
99 68 60
99 69 42
99 70 45
99 71 42
99 72 76
99 73 45
99 74 47
100 75 12
100 76 65
100 77 100
100 78 45
100 79 16
100 80 75
100 81 41
100 82 98
100 83 2
100 84 16
100 85 43
100 86 54
100 87 30
100 88 42
100 89 48
100 90 81
100 91 85
100 92 11
100 93 91
100 94 45
100 95 87
100 96 45
100 97 36
100 98 53
100 99 4
100 101 29
100 102 50
100 103 98
100 104 4
100 105 46
100 106 96
100 107 68
100 108 11
100 109 47
100 110 64
100 111 26
100 112 21
100 113 4
100 114 75
100 115 22
100 116 72
100 117 17
100 118 75
100 119 1
100 120 10
100 121 23
100 122 34
100 123 94
100 124 85
100 0 76
100 1 91
100 2 72
100 3 20
100 4 26
100 5 76
100 6 76
100 7 6
100 8 25
100 9 25
100 10 61
100 11 71
101 12 20
101 13 28
101 14 33
101 15 66
101 16 92
101 17 10
101 18 38
101 19 95
101 20 84
101 21 59
101 22 66
101 23 53
101 24 86
101 25 19
101 26 14
101 27 60
101 28 4
101 29 8
101 30 44
101 31 79
101 32 98
101 33 67
101 34 51
101 35 75
101 36 43
101 37 26
101 38 32
101 39 19
101 40 2
101 41 92
101 42 41
101 43 21
101 44 20
101 45 73
101 46 38
101 47 11
101 48 82
101 49 75
101 50 57
101 51 18
101 52 85
101 53 75
101 54 70
101 55 70
101 56 45
101 57 83
101 58 81
101 59 48
101 60 42
101 61 25
101 62 78
101 63 91
101 64 91
101 65 28
101 66 17
101 67 85
101 68 5
101 69 48
101 70 4
101 71 6
101 72 40
101 73 96
102 74 78
102 75 59
102 76 69
102 77 15
102 78 21
102 79 2
102 80 89
102 81 29
102 82 19
102 83 74
102 84 3
102 85 40
102 86 95
102 87 47
102 88 75
102 89 76
102 90 94
102 91 16
102 92 100
102 93 24
102 94 59
102 95 42
102 96 51
102 97 27
102 98 79
102 99 8
102 100 75
102 101 34
102 103 13
102 104 66
102 105 29
102 106 43
102 107 76
102 108 97
102 109 57
102 110 48
102 111 99
102 112 98
102 113 76
102 114 69
102 115 71
102 116 79
102 117 9
102 118 17
102 119 77
102 120 83
102 121 92
102 122 23
102 123 50
102 124 43
102 0 46
102 1 60
102 2 37
102 3 48
102 4 87
102 5 15
102 6 55
102 7 13
102 8 48
102 9 20
102 10 78
103 11 28
103 12 62
103 13 53
103 14 25
103 15 70
103 16 52
103 17 75
103 18 67
103 19 27
103 20 43
103 21 37
103 22 57
103 23 51
103 24 6
103 25 34
103 26 85
103 27 97
103 28 56
103 29 35
103 30 92
103 31 53
103 32 94
103 33 80
103 34 100
103 35 80
103 36 94
103 37 55
103 38 92
103 39 93
103 40 26
103 41 21
103 42 20
103 43 39
103 44 25
103 45 96
103 46 8
103 47 76
103 48 70
103 49 75
103 50 3
103 51 65
103 52 63
103 53 59
103 54 67
103 55 68
103 56 44
103 57 52
103 58 17
103 59 99
103 60 86
103 61 8
103 62 3
103 63 79
103 64 87
103 65 3
103 66 11
103 67 32
103 68 9
103 69 54
103 70 76
103 71 34
103 72 75
104 73 47
104 74 72
104 75 99
104 76 43
104 77 31
104 78 75
104 79 64
104 80 5
104 81 29
104 82 80
104 83 68
104 84 87
104 85 47
104 86 87
104 87 31
104 88 98
104 89 3
104 90 81
104 91 83
104 92 62
104 93 84
104 94 13
104 95 100
104 96 38
104 97 75
104 98 83
104 99 46
104 100 29
104 101 10
104 102 31
104 103 3
104 105 57
104 106 54
104 107 53
104 108 51
104 109 84
104 110 27
104 111 66
104 112 89
104 113 55
104 114 46
104 115 8
104 116 94
104 117 92
104 118 46
104 119 76
104 120 41
104 121 49
104 122 56
104 123 75
104 124 62
104 0 91
104 1 87
104 2 14
104 3 28
104 4 14
104 5 96
104 6 25
104 7 42
104 8 6
104 9 55
105 10 96
105 11 14
105 12 8
105 13 48
105 14 64
105 15 92
105 16 75
105 17 81
105 18 32
105 19 81
105 20 26
105 21 91
105 22 74
105 23 69
105 24 36
105 25 49
105 26 61
105 27 36
105 28 57
105 29 35
105 30 50
105 31 99
105 32 74
105 33 63
105 34 79
105 35 87
105 36 10
105 37 3
105 38 80
105 39 67
105 40 10
105 41 75
105 42 80
105 43 17
105 44 22
105 45 95
105 46 60
105 47 48
105 48 76
105 49 43
105 50 29
105 51 53
105 52 33
105 53 54
105 54 74
105 55 69
105 56 55
105 57 34
105 58 56
105 59 63
105 60 69
105 61 5
105 62 13
105 63 94
105 64 19
105 65 91
105 66 80
105 67 29
105 68 46
105 69 59
105 70 95
105 71 55
106 72 85
106 73 27
106 74 71
106 75 6
106 76 73
106 77 83
106 78 6
106 79 100
106 80 25
106 81 86
106 82 5
106 83 58
106 84 39
106 85 78
106 86 78
106 87 45
106 88 63
106 89 33
106 90 7
106 91 83
106 92 90
106 93 20
106 94 76
106 95 8
106 96 62
106 97 7
106 98 88
106 99 7
106 100 17
106 101 35
106 102 61
106 103 1
106 104 61
106 105 84
106 107 59
106 108 85
106 109 18
106 110 64
106 111 37
106 112 42
106 113 49
106 114 41
106 115 51
106 116 39
106 117 70
106 118 28
106 119 36
106 120 84
106 121 13
106 122 94
106 123 67
106 124 54
106 0 65
106 1 94
106 2 61
106 3 27
106 4 1
106 5 49
106 6 85
106 7 17
106 8 83
107 9 98
107 10 70
107 11 95
107 12 33
107 13 28
107 14 31
107 15 50
107 16 91
107 17 67
107 18 91
107 19 91
107 20 59
107 21 42
107 22 81
107 23 28
107 24 21
107 25 68
107 26 12
107 27 85
107 28 62
107 29 30
107 30 38
107 31 78
107 32 23
107 33 51
107 34 56
107 35 75
107 36 99
107 37 41
107 38 44
107 39 33
107 40 90
107 41 13
107 42 79
107 43 22
107 44 92
107 45 9
107 46 71
107 47 34
107 48 28
107 49 13
107 50 76
107 51 86
107 52 6
107 53 56
107 54 66
107 55 27
107 56 76
107 57 29
107 58 11
107 59 89
107 60 10
107 61 1
107 62 66
107 63 84
107 64 51
107 65 22
107 66 59
107 67 1
107 68 14
107 69 54
107 70 33
108 71 3
108 72 18
108 73 63
108 74 76
108 75 9
108 76 23
108 77 98
108 78 42
108 79 2
108 80 10
108 81 17
108 82 88
108 83 68
108 84 24
108 85 5
108 86 94
108 87 99
108 88 33
108 89 56
108 90 87
108 91 94
108 92 56
108 93 53
108 94 77
108 95 58
108 96 26
108 97 35
108 98 58
108 99 91
108 100 40
108 101 42
108 102 45
108 103 57
108 104 4
108 105 20
108 106 65
108 107 79
108 109 17
108 110 6
108 111 80
108 112 78
108 113 74
108 114 19
108 115 45
108 116 98
108 117 23
108 118 90
108 119 96
108 120 7
108 121 46
108 122 35
108 123 100
108 124 53
108 0 39
108 1 29
108 2 11
108 3 64
108 4 15
108 5 68
108 6 6
108 7 55
109 8 62
109 9 50
109 10 11
109 11 65
109 12 69
109 13 28
109 14 95
109 15 37
109 16 85
109 17 75
109 18 66
109 19 59
109 20 93
109 21 11
109 22 8
109 23 68
109 24 52
109 25 55
109 26 26
109 27 49
109 28 89
109 29 26
109 30 54
109 31 27
109 32 54
109 33 64
109 34 42
109 35 68
109 36 83
109 37 47
109 38 74
109 39 44
109 40 96
109 41 37
109 42 61
109 43 16
109 44 64
109 45 55
109 46 4
109 47 100
109 48 81
109 49 70
109 50 58
109 51 74
109 52 32
109 53 17
109 54 93
109 55 83
109 56 72
109 57 18
109 58 32
109 59 60
109 60 95
109 61 85
109 62 39
109 63 100
109 64 100
109 65 80
109 66 20
109 67 34
109 68 79
109 69 93
110 70 30
110 71 26
110 72 29
110 73 90
110 74 42
110 75 44
110 76 96
110 77 45
110 78 44
110 79 77
110 80 14
110 81 53
110 82 2
110 83 45
110 84 70
110 85 94
110 86 80
110 87 41
110 88 11
110 89 63
110 90 52
110 91 6
110 92 47
110 93 90
110 94 5
110 95 98
110 96 22
110 97 24
110 98 31
110 99 100
110 100 69
110 101 60
110 102 25
110 103 97
110 104 1
110 105 18
110 106 41
110 107 97
110 108 63
110 109 36
110 111 25
110 112 28
110 113 88
110 114 26
110 115 25
110 116 9
110 117 19
110 118 56
110 119 1
110 120 29
110 121 18
110 122 53
110 123 86
110 124 64
110 0 94
110 1 91
110 2 13
110 3 15
110 4 66
110 5 95
110 6 66
111 7 34
111 8 55
111 9 43
111 10 83
111 11 7
111 12 60
111 13 75
111 14 55
111 15 74
111 16 10
111 17 79
111 18 2
111 19 49
111 20 56
111 21 78
111 22 58
111 23 74
111 24 33
111 25 10
111 26 55
111 27 50
111 28 62
111 29 40
111 30 65
111 31 8
111 32 82
111 33 29
111 34 22
111 35 48
111 36 23
111 37 40
111 38 33
111 39 29
111 40 82
111 41 15
111 42 36
111 43 41
111 44 89
111 45 90
111 46 15
111 47 50
111 48 21
111 49 68
111 50 51
111 51 76
111 52 97
111 53 60
111 54 2
111 55 29
111 56 69
111 57 56
111 58 30
111 59 83
111 60 47
111 61 46
111 62 90
111 63 29
111 64 74
111 65 63
111 66 28
111 67 96
111 68 2
112 69 12
112 70 25
112 71 83
112 72 27
112 73 12
112 74 76
112 75 67
112 76 53
112 77 42
112 78 69
112 79 73
112 80 9
112 81 19
112 82 1
112 83 57
112 84 78
112 85 54
112 86 37
112 87 46
112 88 61
112 89 18
112 90 28
112 91 7
112 92 63
112 93 17
112 94 87
112 95 88
112 96 80
112 97 66
112 98 83
112 99 33
112 100 78
112 101 59
112 102 16
112 103 56
112 104 70
112 105 91
112 106 22
112 107 23
112 108 32
112 109 90
112 110 47
112 111 92
112 113 8
112 114 99
112 115 100
112 116 37
112 117 52
112 118 36
112 119 83
112 120 12
112 121 53
112 122 62
112 123 71
112 124 67
112 0 31
112 1 9
112 2 54
112 3 62
112 4 75
112 5 36
113 6 94
113 7 52
113 8 47
113 9 9
113 10 7
113 11 16
113 12 51
113 13 80
113 14 90
113 15 34
113 16 22
113 17 37
113 18 77
113 19 81
113 20 35
113 21 76
113 22 18
113 23 39
113 24 63
113 25 52
113 26 2
113 27 67
113 28 65
113 29 72
113 30 33
113 31 95
113 32 33
113 33 86
113 34 56
113 35 7
113 36 74
113 37 50
113 38 10
113 39 20
113 40 10
113 41 68
113 42 87
113 43 13
113 44 99
113 45 77
113 46 46
113 47 20
113 48 65
113 49 75
113 50 1
113 51 51
113 52 50
113 53 70
113 54 41
113 55 65
113 56 21
113 57 43
113 58 31
113 59 85
113 60 66
113 61 64
113 62 32
113 63 98
113 64 1
113 65 87
113 66 56
113 67 26
114 68 88
114 69 65
114 70 45
114 71 50
114 72 84
114 73 84
114 74 62
114 75 83
114 76 12
114 77 59
114 78 2
114 79 76
114 80 33
114 81 54
114 82 78
114 83 83
114 84 23
114 85 19
114 86 47
114 87 95
114 88 61
114 89 29
114 90 32
114 91 26
114 92 92
114 93 63
114 94 76
114 95 45
114 96 1
114 97 31
114 98 70
114 99 41
114 100 48
114 101 67
114 102 42
114 103 31
114 104 50
114 105 3
114 106 13
114 107 61
114 108 61
114 109 67
114 110 88
114 111 94
114 112 20
114 113 65
114 115 28
114 116 95
114 117 83
114 118 26
114 119 89
114 120 95
114 121 54
114 122 72
114 123 73
114 124 98
114 0 86
114 1 48
114 2 42
114 3 39
114 4 78
115 5 63
115 6 31
115 7 25
115 8 29
115 9 72
115 10 8
115 11 30
115 12 74
115 13 20
115 14 42
115 15 86
115 16 86
115 17 29
115 18 79
115 19 58
115 20 46
115 21 58
115 22 52
115 23 80
115 24 83
115 25 92
115 26 75
115 27 89
115 28 64
115 29 47
115 30 86
115 31 49
115 32 46
115 33 79
115 34 39
115 35 75
115 36 41
115 37 69
115 38 52
115 39 22
115 40 40
115 41 59
115 42 51
115 43 13
115 44 78
115 45 93
115 46 99
115 47 16
115 48 21
115 49 29
115 50 73
115 51 18
115 52 87
115 53 76
115 54 98
115 55 21
115 56 67
115 57 72
115 58 9
115 59 82
115 60 70
115 61 94
115 62 83
115 63 15
115 64 24
115 65 21
115 66 89
116 67 17
116 68 90
116 69 40
116 70 38
116 71 81
116 72 98
116 73 88
116 74 46
116 75 28
116 76 80
116 77 96
116 78 95
116 79 53
116 80 24
116 81 19
116 82 70
116 83 62
116 84 94
116 85 19
116 86 83
116 87 12
116 88 90
116 89 91
116 90 94
116 91 11
116 92 37
116 93 76
116 94 25
116 95 12
116 96 48
116 97 66
116 98 28
116 99 89
116 100 5
116 101 65
116 102 70
116 103 55
116 104 5
116 105 15
116 106 34
116 107 36
116 108 10
116 109 80
116 110 88
116 111 85
116 112 98
116 113 10
116 114 47
116 115 43
116 117 28
116 118 29
116 119 54
116 120 70
116 121 71
116 122 99
116 123 80
116 124 59
116 0 26
116 1 57
116 2 71
116 3 74
117 4 22
117 5 50
117 6 62
117 7 78
117 8 15
117 9 83
117 10 84
117 11 71
117 12 49
117 13 17
117 14 6
117 15 58
117 16 48
117 17 94
117 18 95
117 19 45
117 20 55
117 21 41
117 22 87
117 23 34
117 24 21
117 25 93
117 26 3
117 27 43
117 28 43
117 29 35
117 30 2
117 31 69
117 32 91
117 33 24
117 34 94
117 35 64
117 36 73
117 37 7
117 38 41
117 39 39
117 40 90
117 41 77
117 42 9
117 43 38
117 44 45
117 45 15
117 46 48
117 47 93
117 48 60
117 49 42
117 50 37
117 51 66
117 52 34
117 53 76
117 54 99
117 55 6
117 56 20
117 57 54
117 58 48
117 59 62
117 60 88
117 61 1
117 62 30
117 63 78
117 64 76
117 65 23
118 66 93
118 67 1
118 68 30
118 69 85
118 70 39
118 71 71
118 72 61
118 73 100
118 74 8
118 75 6
118 76 66
118 77 7
118 78 98
118 79 77
118 80 100
118 81 86
118 82 42
118 83 33
118 84 13
118 85 40
118 86 38
118 87 32
118 88 45
118 89 38
118 90 94
118 91 32
118 92 38
118 93 75
118 94 61
118 95 14
118 96 50
118 97 53
118 98 14
118 99 79
118 100 38
118 101 4
118 102 1
118 103 98
118 104 55
118 105 8
118 106 55
118 107 20
118 108 67
118 109 4
118 110 48
118 111 66
118 112 90
118 113 89
118 114 51
118 115 2
118 116 81
118 117 88
118 119 86
118 120 25
118 121 77
118 122 31
118 123 9
118 124 15
118 0 5
118 1 69
118 2 80
119 3 54
119 4 22
119 5 45
119 6 84
119 7 11
119 8 100
119 9 84
119 10 60
119 11 55
119 12 44
119 13 15
119 14 26
119 15 62
119 16 18
119 17 74
119 18 27
119 19 59
119 20 14
119 21 29
119 22 13
119 23 46
119 24 69
119 25 98
119 26 23
119 27 45
119 28 28
119 29 31
119 30 11
119 31 84
119 32 99
119 33 90
119 34 90
119 35 72
119 36 86
119 37 25
119 38 82
119 39 38
119 40 61
119 41 42
119 42 44
119 43 56
119 44 56
119 45 69
119 46 17
119 47 25
119 48 94
119 49 95
119 50 84
119 51 60
119 52 76
119 53 96
119 54 5
119 55 44
119 56 45
119 57 27
119 58 88
119 59 24
119 60 57
119 61 99
119 62 59
119 63 8
119 64 40
120 65 100
120 66 79
120 67 26
120 68 25
120 69 61
120 70 15
120 71 37
120 72 2
120 73 58
120 74 44
120 75 9
120 76 78
120 77 12
120 78 33
120 79 72
120 80 6
120 81 68
120 82 83
120 83 33
120 84 15
120 85 39
120 86 76
120 87 11
120 88 66
120 89 64
120 90 34
120 91 74
120 92 14
120 93 45
120 94 33
120 95 53
120 96 44
120 97 12
120 98 30
120 99 20
120 100 24
120 101 44
120 102 56
120 103 77
120 104 1
120 105 99
120 106 85
120 107 79
120 108 10
120 109 69
120 110 2
120 111 68
120 112 89
120 113 36
120 114 100
120 115 3
120 116 74
120 117 28
120 118 66
120 119 91
120 121 91
120 122 51
120 123 65
120 124 4
120 0 95
120 1 97
121 2 8
121 3 91
121 4 60
121 5 38
121 6 10
121 7 83
121 8 81
121 9 18
121 10 59
121 11 34
121 12 68
121 13 95
121 14 64
121 15 30
121 16 64
121 17 17
121 18 49
121 19 4
121 20 52
121 21 48
121 22 58
121 23 25
121 24 27
121 25 23
121 26 16
121 27 69
121 28 74
121 29 32
121 30 72
121 31 20
121 32 80
121 33 32
121 34 10
121 35 40
121 36 69
121 37 20
121 38 74
121 39 1
121 40 89
121 41 33
121 42 34
121 43 56
121 44 27
121 45 49
121 46 85
121 47 42
121 48 65
121 49 33
121 50 97
121 51 68
121 52 33
121 53 55
121 54 45
121 55 59
121 56 77
121 57 12
121 58 28
121 59 2
121 60 43
121 61 51
121 62 22
121 63 74
122 64 82
122 65 31
122 66 65
122 67 2
122 68 2
122 69 39
122 70 3
122 71 90
122 72 23
122 73 88
122 74 98
122 75 1
122 76 37
122 77 82
122 78 43
122 79 53
122 80 67
122 81 39
122 82 21
122 83 99
122 84 45
122 85 65
122 86 9
122 87 74
122 88 76
122 89 36
122 90 75
122 91 70
122 92 39
122 93 48
122 94 95
122 95 72
122 96 31
122 97 60
122 98 74
122 99 32
122 100 98
122 101 76
122 102 74
122 103 20
122 104 63
122 105 71
122 106 20
122 107 51
122 108 4
122 109 14
122 110 4
122 111 70
122 112 5
122 113 24
122 114 68
122 115 49
122 116 40
122 117 77
122 118 74
122 119 67
122 120 64
122 121 49
122 123 88
122 124 54
122 0 48
123 1 82
123 2 26
123 3 78
123 4 41
123 5 51
123 6 62
123 7 90
123 8 26
123 9 87
123 10 61
123 11 40
123 12 57
123 13 81
123 14 91
123 15 12
123 16 46
123 17 94
123 18 82
123 19 2
123 20 69
123 21 1
123 22 3
123 23 60
123 24 29
123 25 76
123 26 26
123 27 45
123 28 76
123 29 65
123 30 98
123 31 24
123 32 46
123 33 75
123 34 1
123 35 39
123 36 25
123 37 14
123 38 28
123 39 2
123 40 100
123 41 89
123 42 42
123 43 8
123 44 21
123 45 84
123 46 20
123 47 18
123 48 29
123 49 1
123 50 20
123 51 97
123 52 53
123 53 74
123 54 8
123 55 82
123 56 49
123 57 33
123 58 26
123 59 25
123 60 49
123 61 23
123 62 100
124 63 94
124 64 50
124 65 52
124 66 32
124 67 74
124 68 66
124 69 12
124 70 28
124 71 65
124 72 52
124 73 69
124 74 73
124 75 24
124 76 4
124 77 44
124 78 41
124 79 32
124 80 96
124 81 12
124 82 80
124 83 48
124 84 85
124 85 87
124 86 29
124 87 86
124 88 71
124 89 54
124 90 10
124 91 19
124 92 29
124 93 61
124 94 12
124 95 30
124 96 12
124 97 96
124 98 3
124 99 77
124 100 59
124 101 30
124 102 94
124 103 10
124 104 50
124 105 66
124 106 85
124 107 53
124 108 61
124 109 25
124 110 36
124 111 56
124 112 89
124 113 15
124 114 3
124 115 73
124 116 1
124 117 32
124 118 58
124 119 23
124 120 37
124 121 19
124 122 41
124 123 17
53
