150 5508
0 1 71
0 2 51
0 3 79
0 4 45
0 5 33
0 6 35
0 7 15
0 8 68
0 9 41
0 10 23
0 11 47
0 12 56
0 13 13
0 14 26
0 15 55
0 16 86
0 17 97
0 18 40
0 19 39
0 20 88
0 21 48
0 22 77
0 23 83
0 24 46
0 25 93
0 26 82
0 27 89
0 28 74
0 29 27
0 30 67
0 31 22
0 32 98
0 33 17
0 34 100
0 35 94
0 36 1
1 37 87
1 38 60
1 39 69
1 40 27
1 41 82
1 42 67
1 43 34
1 44 46
1 45 92
1 46 88
1 47 84
1 48 89
1 49 28
1 50 74
1 51 76
1 52 75
1 53 2
1 54 58
1 55 72
1 56 46
1 57 91
1 58 60
1 59 20
1 60 18
1 61 78
1 62 93
1 63 67
1 64 47
1 65 45
1 66 12
1 67 47
1 68 31
1 69 71
1 70 67
1 71 9
1 72 5
1 73 33
2 74 42
2 75 2
2 76 25
2 77 29
2 78 85
2 79 13
2 80 56
2 81 58
2 82 40
2 83 82
2 84 11
2 85 49
2 86 5
2 87 57
2 88 39
2 89 17
2 90 28
2 91 8
2 92 94
2 93 20
2 94 74
2 95 40
2 96 64
2 97 37
2 98 39
2 99 46
2 100 8
2 101 5
2 102 54
2 103 64
2 104 38
2 105 95
2 106 65
2 107 14
2 108 24
2 109 2
2 110 26
3 111 31
3 112 11
3 113 17
3 114 65
3 115 22
3 116 65
3 117 69
3 118 78
3 119 3
3 120 85
3 121 5
3 122 11
3 123 31
3 124 76
3 125 36
3 126 22
3 127 92
3 128 73
3 129 60
3 130 37
3 131 32
3 132 65
3 133 43
3 134 95
3 135 54
3 136 37
3 137 11
3 138 67
3 139 12
3 140 12
3 141 44
3 142 95
3 143 23
3 144 60
3 145 59
3 146 96
3 147 76
4 148 27
4 149 73
4 0 78
4 1 64
4 2 29
4 3 40
4 5 94
4 6 56
4 7 76
4 8 15
4 9 47
4 10 100
4 11 27
4 12 36
4 13 31
4 14 43
4 15 78
4 16 77
4 17 96
4 18 14
4 19 87
4 20 14
4 21 78
4 22 51
4 23 9
4 24 72
4 25 73
4 26 20
4 27 30
4 28 68
4 29 95
4 30 8
4 31 92
4 32 24
4 33 71
4 34 72
5 35 64
5 36 16
5 37 27
5 38 39
5 39 83
5 40 74
5 41 90
5 42 9
5 43 9
5 44 20
5 45 51
5 46 86
5 47 48
5 48 98
5 49 51
5 50 34
5 51 63
5 52 28
5 53 84
5 54 71
5 55 99
5 56 8
5 57 90
5 58 28
5 59 27
5 60 36
5 61 88
5 62 18
5 63 59
5 64 10
5 65 89
5 66 74
5 67 78
5 68 16
5 69 12
5 70 60
5 71 41
6 72 53
6 73 20
6 74 49
6 75 72
6 76 22
6 77 86
6 78 71
6 79 19
6 80 36
6 81 5
6 82 81
6 83 64
6 84 40
6 85 3
6 86 62
6 87 100
6 88 44
6 89 42
6 90 26
6 91 31
6 92 81
6 93 96
6 94 89
6 95 90
6 96 36
6 97 63
6 98 67
6 99 3
6 100 26
6 101 78
6 102 43
6 103 79
6 104 97
6 105 43
6 106 2
6 107 70
6 108 80
7 109 73
7 110 88
7 111 16
7 112 29
7 113 20
7 114 31
7 115 20
7 116 74
7 117 44
7 118 19
7 119 17
7 120 85
7 121 97
7 122 47
7 123 17
7 124 44
7 125 88
7 126 59
7 127 79
7 128 2
7 129 77
7 130 34
7 131 27
7 132 55
7 133 28
7 134 57
7 135 3
7 136 23
7 137 11
7 138 73
7 139 2
7 140 35
7 141 12
7 142 17
7 143 63
7 144 32
7 145 47
8 146 82
8 147 57
8 148 91
8 149 53
8 0 74
8 1 27
8 2 49
8 3 72
8 4 96
8 5 92
8 6 59
8 7 54
8 9 22
8 10 12
8 11 30
8 12 55
8 13 91
8 14 84
8 15 35
8 16 47
8 17 39
8 18 57
8 19 9
8 20 11
8 21 58
8 22 43
8 23 74
8 24 27
8 25 5
8 26 57
8 27 25
8 28 39
8 29 14
8 30 67
8 31 43
8 32 87
9 33 94
9 34 91
9 35 10
9 36 41
9 37 34
9 38 21
9 39 94
9 40 55
9 41 32
9 42 23
9 43 62
9 44 22
9 45 59
9 46 48
9 47 69
9 48 97
9 49 4
9 50 29
9 51 59
9 52 13
9 53 72
9 54 84
9 55 39
9 56 28
9 57 41
9 58 64
9 59 18
9 60 54
9 61 30
9 62 60
9 63 92
9 64 75
9 65 50
9 66 1
9 67 15
9 68 35
9 69 21
10 70 8
10 71 42
10 72 5
10 73 83
10 74 55
10 75 26
10 76 93
10 77 2
10 78 46
10 79 41
10 80 5
10 81 75
10 82 99
10 83 17
10 84 46
10 85 34
10 86 56
10 87 25
10 88 74
10 89 71
10 90 43
10 91 27
10 92 100
10 93 2
10 94 70
10 95 27
10 96 4
10 97 23
10 98 41
10 99 38
10 100 95
10 101 1
10 102 79
10 103 99
10 104 83
10 105 33
10 106 25
11 107 75
11 108 34
11 109 70
11 110 15
11 111 90
11 112 44
11 113 65
11 114 59
11 115 41
11 116 98
11 117 66
11 118 66
11 119 24
11 120 36
11 121 8
11 122 2
11 123 87
11 124 61
11 125 72
11 126 13
11 127 64
11 128 46
11 129 54
11 130 54
11 131 40
11 132 6
11 133 32
11 134 39
11 135 40
11 136 17
11 137 63
11 138 66
11 139 2
11 140 84
11 141 80
11 142 92
11 143 80
12 144 96
12 145 2
12 146 20
12 147 45
12 148 67
12 149 37
12 0 20
12 1 2
12 2 96
12 3 22
12 4 88
12 5 57
12 6 45
12 7 1
12 8 72
12 9 90
12 10 6
12 11 25
12 13 29
12 14 11
12 15 57
12 16 19
12 17 2
12 18 25
12 19 81
12 20 67
12 21 26
12 22 17
12 23 46
12 24 69
12 25 96
12 26 93
12 27 70
12 28 15
12 29 89
12 30 36
13 31 52
13 32 9
13 33 89
13 34 47
13 35 82
13 36 77
13 37 55
13 38 26
13 39 29
13 40 27
13 41 67
13 42 86
13 43 51
13 44 95
13 45 48
13 46 59
13 47 14
13 48 49
13 49 83
13 50 46
13 51 15
13 52 9
13 53 62
13 54 12
13 55 29
13 56 57
13 57 56
13 58 51
13 59 24
13 60 96
13 61 38
13 62 27
13 63 4
13 64 27
13 65 25
13 66 37
13 67 55
14 68 80
14 69 14
14 70 35
14 71 58
14 72 80
14 73 20
14 74 8
14 75 75
14 76 19
14 77 67
14 78 40
14 79 67
14 80 1
14 81 37
14 82 33
14 83 61
14 84 99
14 85 44
14 86 90
14 87 7
14 88 51
14 89 92
14 90 82
14 91 46
14 92 29
14 93 8
14 94 2
14 95 55
14 96 85
14 97 38
14 98 9
14 99 16
14 100 52
14 101 95
14 102 73
14 103 31
14 104 14
15 105 32
15 106 57
15 107 84
15 108 50
15 109 96
15 110 2
15 111 51
15 112 33
15 113 34
15 114 63
15 115 83
15 116 29
15 117 4
15 118 41
15 119 79
15 120 95
15 121 23
15 122 77
15 123 24
15 124 82
15 125 78
15 126 30
15 127 18
15 128 67
15 129 91
15 130 33
15 131 70
15 132 85
15 133 57
15 134 53
15 135 51
15 136 89
15 137 9
15 138 34
15 139 90
15 140 57
15 141 36
16 142 40
16 143 41
16 144 69
16 145 55
16 146 75
16 147 50
16 148 58
16 149 15
16 0 80
16 1 53
16 2 89
16 3 56
16 4 76
16 5 23
16 6 85
16 7 57
16 8 40
16 9 52
16 10 47
16 11 73
16 12 21
16 13 32
16 14 29
16 15 73
16 17 82
16 18 69
16 19 34
16 20 67
16 21 59
16 22 90
16 23 2
16 24 50
16 25 82
16 26 23
16 27 4
16 28 56
17 29 72
17 30 62
17 31 22
17 32 51
17 33 66
17 34 11
17 35 59
17 36 93
17 37 85
17 38 43
17 39 49
17 40 24
17 41 94
17 42 96
17 43 48
17 44 67
17 45 27
17 46 29
17 47 91
17 48 60
17 49 97
17 50 24
17 51 26
17 52 7
17 53 65
17 54 80
17 55 57
17 56 46
17 57 2
17 58 12
17 59 53
17 60 25
17 61 25
17 62 75
17 63 27
17 64 90
17 65 37
18 66 85
18 67 82
18 68 21
18 69 28
18 70 31
18 71 44
18 72 73
18 73 26
18 74 44
18 75 91
18 76 4
18 77 72
18 78 82
18 79 15
18 80 20
18 81 57
18 82 40
18 83 27
18 84 22
18 85 19
18 86 35
18 87 19
18 88 72
18 89 98
18 90 72
18 91 96
18 92 23
18 93 46
18 94 23
18 95 12
18 96 34
18 97 7
18 98 46
18 99 54
18 100 86
18 101 76
18 102 97
19 103 59
19 104 53
19 105 92
19 106 49
19 107 8
19 108 63
19 109 82
19 110 22
19 111 83
19 112 39
19 113 61
19 114 61
19 115 60
19 116 32
19 117 47
19 118 30
19 119 3
19 120 44
19 121 1
19 122 99
19 123 66
19 124 98
19 125 21
19 126 30
19 127 31
19 128 79
19 129 75
19 130 84
19 131 65
19 132 50
19 133 33
19 134 75
19 135 54
19 136 24
19 137 75
19 138 61
19 139 39
20 140 57
20 141 82
20 142 21
20 143 95
20 144 94
20 145 33
20 146 6
20 147 25
20 148 79
20 149 87
20 0 80
20 1 22
20 2 88
20 3 78
20 4 88
20 5 37
20 6 50
20 7 17
20 8 68
20 9 80
20 10 43
20 11 3
20 12 44
20 13 92
20 14 87
20 15 18
20 16 45
20 17 11
20 18 45
20 19 57
20 21 49
20 22 1
20 23 38
20 24 21
20 25 47
20 26 83
21 27 53
21 28 4
21 29 8
21 30 31
21 31 90
21 32 39
21 33 52
21 34 29
21 35 68
21 36 91
21 37 66
21 38 17
21 39 59
21 40 85
21 41 48
21 42 1
21 43 39
21 44 92
21 45 44
21 46 26
21 47 61
21 48 40
21 49 36
21 50 5
21 51 96
21 52 36
21 53 57
21 54 85
21 55 8
21 56 3
21 57 68
21 58 60
21 59 58
21 60 27
21 61 42
21 62 48
21 63 65
22 64 45
22 65 28
22 66 84
22 67 88
22 68 45
22 69 52
22 70 46
22 71 29
22 72 99
22 73 99
22 74 68
22 75 90
22 76 42
22 77 93
22 78 3
22 79 82
22 80 80
22 81 59
22 82 29
22 83 67
22 84 16
22 85 66
22 86 74
22 87 70
22 88 33
22 89 85
22 90 28
22 91 11
22 92 26
22 93 27
22 94 27
22 95 22
22 96 54
22 97 10
22 98 9
22 99 99
22 100 61
23 101 55
23 102 79
23 103 59
23 104 53
23 105 98
23 106 1
23 107 46
23 108 42
23 109 55
23 110 79
23 111 21
23 112 13
23 113 60
23 114 39
23 115 80
23 116 25
23 117 64
23 118 50
23 119 9
23 120 48
23 121 77
23 122 19
23 123 25
23 124 3
23 125 97
23 126 47
23 127 8
23 128 6
23 129 55
23 130 58
23 131 18
23 132 61
23 133 37
23 134 76
23 135 65
23 136 34
23 137 28
24 138 11
24 139 76
24 140 82
24 141 41
24 142 48
24 143 47
24 144 100
24 145 39
24 146 26
24 147 24
24 148 2
24 149 75
24 0 32
24 1 50
24 2 3
24 3 2
24 4 26
24 5 57
24 6 98
24 7 72
24 8 65
24 9 3
24 10 79
24 11 22
24 12 72
24 13 39
24 14 10
24 15 48
24 16 4
24 17 44
24 18 27
24 19 14
24 20 71
24 21 61
24 22 54
24 23 70
25 26 7
25 27 6
25 28 8
25 29 84
25 30 29
25 31 10
25 32 59
25 33 13
25 34 11
25 35 13
25 36 14
25 37 36
25 38 70
25 39 12
25 40 8
25 41 86
25 42 66
25 43 86
25 44 59
25 45 38
25 46 24
25 47 69
25 48 37
25 49 79
25 50 64
25 51 15
25 52 44
25 53 34
25 54 75
25 55 50
25 56 3
25 57 81
25 58 55
25 59 11
25 60 65
25 61 83
26 62 72
26 63 75
26 64 47
26 65 82
26 66 87
26 67 61
26 68 17
26 69 8
26 70 24
26 71 24
26 72 93
26 73 41
26 74 61
26 75 52
26 76 30
26 77 37
26 78 72
26 79 18
26 80 15
26 81 35
26 82 33
26 83 59
26 84 20
26 85 7
26 86 8
26 87 74
26 88 88
26 89 62
26 90 36
26 91 4
26 92 96
26 93 7
26 94 78
26 95 43
26 96 88
26 97 16
26 98 55
27 99 57
27 100 76
27 101 30
27 102 80
27 103 68
27 104 70
27 105 93
27 106 71
27 107 100
27 108 29
27 109 42
27 110 17
27 111 43
27 112 28
27 113 1
27 114 53
27 115 47
27 116 8
27 117 60
27 118 21
27 119 47
27 120 73
27 121 56
27 122 50
27 123 21
27 124 15
27 125 79
27 126 63
27 127 2
27 128 46
27 129 69
27 130 58
27 131 21
27 132 98
27 133 90
27 134 41
27 135 67
28 136 34
28 137 11
28 138 18
28 139 62
28 140 5
28 141 87
28 142 56
28 143 32
28 144 87
28 145 9
28 146 31
28 147 94
28 148 20
28 149 3
28 0 40
28 1 93
28 2 58
28 3 41
28 4 13
28 5 72
28 6 19
28 7 27
28 8 26
28 9 17
28 10 95
28 11 35
28 12 37
28 13 92
28 14 76
28 15 77
28 16 10
28 17 9
28 18 40
28 19 28
28 20 70
28 21 44
28 22 66
29 23 78
29 24 27
29 25 4
29 26 86
29 27 57
29 28 98
29 30 5
29 31 11
29 32 89
29 33 49
29 34 69
29 35 82
29 36 13
29 37 92
29 38 52
29 39 39
29 40 69
29 41 68
29 42 85
29 43 4
29 44 5
29 45 28
29 46 79
29 47 81
29 48 38
29 49 40
29 50 20
29 51 17
29 52 9
29 53 15
29 54 34
29 55 86
29 56 42
29 57 37
29 58 23
29 59 50
30 60 34
30 61 80
30 62 61
30 63 75
30 64 28
30 65 81
30 66 56
30 67 93
30 68 24
30 69 7
30 70 83
30 71 93
30 72 75
30 73 68
30 74 48
30 75 31
30 76 95
30 77 78
30 78 11
30 79 84
30 80 17
30 81 83
30 82 100
30 83 78
30 84 97
30 85 33
30 86 15
30 87 90
30 88 70
30 89 38
30 90 92
30 91 55
30 92 69
30 93 4
30 94 81
30 95 48
30 96 36
31 97 88
31 98 40
31 99 59
31 100 95
31 101 23
31 102 3
31 103 21
31 104 42
31 105 2
31 106 51
31 107 36
31 108 32
31 109 13
31 110 72
31 111 48
31 112 47
31 113 23
31 114 77
31 115 96
31 116 8
31 117 92
31 118 85
31 119 29
31 120 81
31 121 28
31 122 83
31 123 49
31 124 83
31 125 16
31 126 48
31 127 18
31 128 3
31 129 88
31 130 29
31 131 49
31 132 62
31 133 83
32 134 69
32 135 3
32 136 85
32 137 71
32 138 38
32 139 16
32 140 36
32 141 61
32 142 15
32 143 82
32 144 84
32 145 92
32 146 77
32 147 91
32 148 35
32 149 14
32 0 19
32 1 67
32 2 41
32 3 53
32 4 67
32 5 24
32 6 68
32 7 14
32 8 93
32 9 23
32 10 1
32 11 21
32 12 71
32 13 62
32 14 4
32 15 92
32 16 16
32 17 40
32 18 14
32 19 54
32 20 55
33 21 49
33 22 66
33 23 21
33 24 31
33 25 49
33 26 12
33 27 59
33 28 39
33 29 98
33 30 72
33 31 9
33 32 64
33 34 65
33 35 62
33 36 30
33 37 40
33 38 81
33 39 96
33 40 32
33 41 3
33 42 48
33 43 5
33 44 26
33 45 62
33 46 60
33 47 17
33 48 77
33 49 99
33 50 30
33 51 82
33 52 5
33 53 79
33 54 48
33 55 25
33 56 61
33 57 96
34 58 89
34 59 19
34 60 87
34 61 86
34 62 91
34 63 95
34 64 2
34 65 7
34 66 8
34 67 83
34 68 46
34 69 89
34 70 78
34 71 29
34 72 43
34 73 26
34 74 33
34 75 68
34 76 87
34 77 92
34 78 36
34 79 15
34 80 42
34 81 18
34 82 97
34 83 46
34 84 96
34 85 44
34 86 71
34 87 8
34 88 91
34 89 11
34 90 26
34 91 77
34 92 96
34 93 68
34 94 24
35 95 97
35 96 74
35 97 31
35 98 80
35 99 71
35 100 71
35 101 9
35 102 100
35 103 66
35 104 34
35 105 84
35 106 85
35 107 72
35 108 76
35 109 21
35 110 87
35 111 69
35 112 38
35 113 35
35 114 15
35 115 85
35 116 78
35 117 37
35 118 92
35 119 68
35 120 47
35 121 69
35 122 97
35 123 94
35 124 89
35 125 72
35 126 91
35 127 14
35 128 2
35 129 22
35 130 85
35 131 25
36 132 30
36 133 36
36 134 42
36 135 16
36 136 19
36 137 26
36 138 87
36 139 46
36 140 98
36 141 25
36 142 15
36 143 35
36 144 59
36 145 81
36 146 71
36 147 88
36 148 17
36 149 14
36 0 8
36 1 15
36 2 35
36 3 56
36 4 8
36 5 23
36 6 27
36 7 98
36 8 88
36 9 80
36 10 71
36 11 72
36 12 4
36 13 1
36 14 59
36 15 97
36 16 16
36 17 78
36 18 23
37 19 54
37 20 23
37 21 20
37 22 79
37 23 89
37 24 7
37 25 89
37 26 69
37 27 29
37 28 29
37 29 37
37 30 95
37 31 36
37 32 51
37 33 29
37 34 91
37 35 59
37 36 3
37 38 69
37 39 8
37 40 90
37 41 48
37 42 79
37 43 14
37 44 52
37 45 79
37 46 72
37 47 100
37 48 46
37 49 1
37 50 22
37 51 99
37 52 76
37 53 94
37 54 29
37 55 64
38 56 52
38 57 70
38 58 85
38 59 32
38 60 98
38 61 21
38 62 26
38 63 85
38 64 72
38 65 54
38 66 27
38 67 30
38 68 8
38 69 95
38 70 37
38 71 98
38 72 42
38 73 15
38 74 11
38 75 45
38 76 45
38 77 34
38 78 45
38 79 90
38 80 35
38 81 18
38 82 89
38 83 62
38 84 63
38 85 17
38 86 25
38 87 14
38 88 38
38 89 9
38 90 98
38 91 35
38 92 30
39 93 23
39 94 19
39 95 1
39 96 29
39 97 45
39 98 82
39 99 36
39 100 39
39 101 70
39 102 85
39 103 33
39 104 85
39 105 47
39 106 77
39 107 81
39 108 81
39 109 21
39 110 71
39 111 67
39 112 39
39 113 59
39 114 28
39 115 1
39 116 27
39 117 4
39 118 67
39 119 65
39 120 13
39 121 16
39 122 51
39 123 94
39 124 90
39 125 22
39 126 46
39 127 18
39 128 66
39 129 27
40 130 6
40 131 57
40 132 48
40 133 42
40 134 89
40 135 32
40 136 89
40 137 65
40 138 65
40 139 21
40 140 38
40 141 35
40 142 87
40 143 28
40 144 45
40 145 66
40 146 28
40 147 23
40 148 69
40 149 46
40 0 39
40 1 33
40 2 61
40 3 90
40 4 78
40 5 51
40 6 11
40 7 23
40 8 20
40 9 28
40 10 1
40 11 77
40 12 36
40 13 49
40 14 19
40 15 24
40 16 32
41 17 7
41 18 41
41 19 96
41 20 79
41 21 30
41 22 82
41 23 17
41 24 57
41 25 26
41 26 82
41 27 36
41 28 49
41 29 2
41 30 34
41 31 39
41 32 87
41 33 94
41 34 28
41 35 64
41 36 96
41 37 90
41 38 39
41 39 68
41 40 70
41 42 39
41 43 44
41 44 5
41 45 39
41 46 14
41 47 81
41 48 71
41 49 20
41 50 73
41 51 18
41 52 50
41 53 2
42 54 100
42 55 66
42 56 10
42 57 77
42 58 99
42 59 45
42 60 77
42 61 1
42 62 78
42 63 16
42 64 39
42 65 24
42 66 95
42 67 2
42 68 71
42 69 85
42 70 40
42 71 38
42 72 6
42 73 31
42 74 82
42 75 62
42 76 69
42 77 95
42 78 42
42 79 91
42 80 67
42 81 66
42 82 61
42 83 68
42 84 19
42 85 60
42 86 34
42 87 28
42 88 36
42 89 32
42 90 25
43 91 13
43 92 84
43 93 2
43 94 28
43 95 22
43 96 77
43 97 74
43 98 24
43 99 48
43 100 10
43 101 15
43 102 85
43 103 15
43 104 45
43 105 18
43 106 77
43 107 66
43 108 65
43 109 70
43 110 56
43 111 83
43 112 36
43 113 16
43 114 50
43 115 6
43 116 27
43 117 35
43 118 34
43 119 15
43 120 67
43 121 10
43 122 79
43 123 50
43 124 63
43 125 58
43 126 24
43 127 40
44 128 31
44 129 47
44 130 39
44 131 41
44 132 13
44 133 23
44 134 55
44 135 10
44 136 93
44 137 83
44 138 75
44 139 9
44 140 53
44 141 82
44 142 43
44 143 40
44 144 50
44 145 92
44 146 45
44 147 76
44 148 27
44 149 78
44 0 90
44 1 45
44 2 87
44 3 20
44 4 46
44 5 50
44 6 77
44 7 69
44 8 41
44 9 8
44 10 67
44 11 79
44 12 48
44 13 80
44 14 53
45 15 54
45 16 89
45 17 97
45 18 37
45 19 15
45 20 5
45 21 89
45 22 96
45 23 47
45 24 28
45 25 45
45 26 91
45 27 72
45 28 73
45 29 17
45 30 2
45 31 14
45 32 13
45 33 40
45 34 34
45 35 58
45 36 41
45 37 10
45 38 27
45 39 81
45 40 17
45 41 93
45 42 59
45 43 16
45 44 24
45 46 64
45 47 70
45 48 64
45 49 60
45 50 6
45 51 78
46 52 65
46 53 46
46 54 74
46 55 63
46 56 73
46 57 70
46 58 53
46 59 96
46 60 42
46 61 21
46 62 97
46 63 8
46 64 33
46 65 89
46 66 41
46 67 91
46 68 29
46 69 2
46 70 69
46 71 10
46 72 71
46 73 61
46 74 20
46 75 86
46 76 37
46 77 35
46 78 7
46 79 100
46 80 95
46 81 12
46 82 78
46 83 11
46 84 9
46 85 3
46 86 73
46 87 33
46 88 24
47 89 26
47 90 29
47 91 18
47 92 98
47 93 77
47 94 25
47 95 31
47 96 17
47 97 17
47 98 73
47 99 46
47 100 18
47 101 41
47 102 7
47 103 88
47 104 53
47 105 78
47 106 74
47 107 89
47 108 13
47 109 80
47 110 41
47 111 59
47 112 44
47 113 18
47 114 69
47 115 4
47 116 72
47 117 41
47 118 37
47 119 95
47 120 18
47 121 17
47 122 64
47 123 16
47 124 45
47 125 88
48 126 98
48 127 62
48 128 4
48 129 70
48 130 7
48 131 74
48 132 10
48 133 65
48 134 61
48 135 62
48 136 42
48 137 86
48 138 3
48 139 6
48 140 18
48 141 43
48 142 64
48 143 13
48 144 12
48 145 32
48 146 16
48 147 35
48 148 25
48 149 52
48 0 81
48 1 94
48 2 20
48 3 45
48 4 9
48 5 65
48 6 84
48 7 6
48 8 26
48 9 88
48 10 27
48 11 84
48 12 61
49 13 36
49 14 48
49 15 73
49 16 50
49 17 89
49 18 59
49 19 4
49 20 95
49 21 76
49 22 98
49 23 58
49 24 88
49 25 9
49 26 42
49 27 55
49 28 95
49 29 66
49 30 7
49 31 75
49 32 59
49 33 78
49 34 19
49 35 20
49 36 42
49 37 55
49 38 77
49 39 19
49 40 42
49 41 4
49 42 2
49 43 54
49 44 91
49 45 49
49 46 26
49 47 92
49 48 38
50 51 36
50 52 95
50 53 84
50 54 11
50 55 92
50 56 93
50 57 50
50 58 52
50 59 34
50 60 5
50 61 46
50 62 51
50 63 63
50 64 73
50 65 62
50 66 40
50 67 91
50 68 81
50 69 34
50 70 97
50 71 9
50 72 52
50 73 38
50 74 64
50 75 6
50 76 43
50 77 55
50 78 54
50 79 21
50 80 46
50 81 43
50 82 8
50 83 93
50 84 26
50 85 19
50 86 84
51 87 71
51 88 20
51 89 88
51 90 4
51 91 76
51 92 33
51 93 55
51 94 38
51 95 5
51 96 16
51 97 30
51 98 48
51 99 48
51 100 15
51 101 44
51 102 56
51 103 18
51 104 34
51 105 20
51 106 23
51 107 28
51 108 26
51 109 77
51 110 48
51 111 23
51 112 71
51 113 56
51 114 15
51 115 49
51 116 26
51 117 51
51 118 19
51 119 97
51 120 38
51 121 74
51 122 73
51 123 22
52 124 80
52 125 62
52 126 27
52 127 95
52 128 43
52 129 26
52 130 94
52 131 57
52 132 21
52 133 2
52 134 75
52 135 54
52 136 73
52 137 97
52 138 34
52 139 98
52 140 25
52 141 81
52 142 72
52 143 96
52 144 88
52 145 87
52 146 96
52 147 65
52 148 89
52 149 14
52 0 14
52 1 26
52 2 87
52 3 86
52 4 47
52 5 67
52 6 99
52 7 25
52 8 13
52 9 42
52 10 2
53 11 59
53 12 98
53 13 23
53 14 60
53 15 24
53 16 28
53 17 32
53 18 21
53 19 61
53 20 81
53 21 97
53 22 94
53 23 4
53 24 44
53 25 33
53 26 90
53 27 39
53 28 98
53 29 30
53 30 52
53 31 11
53 32 55
53 33 91
53 34 48
53 35 54
53 36 9
53 37 46
53 38 30
53 39 73
53 40 87
53 41 84
53 42 31
53 43 37
53 44 6
53 45 42
53 46 60
53 47 85
54 48 73
54 49 32
54 50 46
54 51 5
54 52 29
54 53 91
54 55 9
54 56 24
54 57 23
54 58 50
54 59 63
54 60 72
54 61 80
54 62 66
54 63 82
54 64 86
54 65 8
54 66 81
54 67 91
54 68 16
54 69 79
54 70 73
54 71 41
54 72 17
54 73 56
54 74 71
54 75 53
54 76 13
54 77 13
54 78 65
54 79 97
54 80 37
54 81 48
54 82 94
54 83 94
54 84 28
55 85 84
55 86 2
55 87 52
55 88 59
55 89 3
55 90 14
55 91 30
55 92 34
55 93 31
55 94 64
55 95 72
55 96 39
55 97 44
55 98 62
55 99 6
55 100 22
55 101 86
55 102 46
55 103 39
55 104 93
55 105 69
55 106 43
55 107 5
55 108 33
55 109 59
55 110 54
55 111 69
55 112 7
55 113 99
55 114 14
55 115 34
55 116 35
55 117 15
55 118 37
55 119 93
55 120 70
55 121 2
56 122 74
56 123 3
56 124 33
56 125 37
56 126 74
56 127 23
56 128 33
56 129 88
56 130 28
56 131 6
56 132 25
56 133 26
56 134 96
56 135 18
56 136 46
56 137 39
56 138 74
56 139 78
56 140 49
56 141 79
56 142 98
56 143 55
56 144 30
56 145 12
56 146 41
56 147 64
56 148 78
56 149 77
56 0 8
56 1 47
56 2 31
56 3 33
56 4 2
56 5 63
56 6 70
56 7 27
56 8 85
57 9 2
57 10 66
57 11 64
57 12 59
57 13 91
57 14 41
57 15 55
57 16 60
57 17 86
57 18 93
57 19 85
57 20 15
57 21 93
57 22 64
57 23 13
57 24 100
57 25 93
57 26 24
57 27 40
57 28 8
57 29 1
57 30 68
57 31 67
57 32 100
57 33 50
57 34 99
57 35 1
57 36 12
57 37 20
57 38 79
57 39 48
57 40 73
57 41 45
57 42 64
57 43 32
57 44 87
57 45 56
58 46 86
58 47 46
58 48 42
58 49 30
58 50 30
58 51 56
58 52 22
58 53 45
58 54 68
58 55 21
58 56 89
58 57 43
58 59 12
58 60 96
58 61 44
58 62 32
58 63 14
58 64 43
58 65 81
58 66 13
58 67 95
58 68 45
58 69 84
58 70 73
58 71 44
58 72 57
58 73 69
58 74 7
58 75 88
58 76 7
58 77 63
58 78 73
58 79 4
58 80 56
58 81 2
58 82 86
59 83 63
59 84 75
59 85 30
59 86 83
59 87 48
59 88 19
59 89 25
59 90 59
59 91 66
59 92 20
59 93 42
59 94 80
59 95 14
59 96 75
59 97 44
59 98 8
59 99 19
59 100 27
59 101 33
59 102 62
59 103 35
59 104 53
59 105 21
59 106 22
59 107 60
59 108 35
59 109 46
59 110 63
59 111 90
59 112 99
59 113 100
59 114 52
59 115 26
59 116 30
59 117 86
59 118 73
59 119 100
60 120 11
60 121 83
60 122 17
60 123 30
60 124 25
60 125 48
60 126 44
60 127 99
60 128 91
60 129 3
60 130 17
60 131 70
60 132 87
60 133 30
60 134 56
60 135 40
60 136 50
60 137 30
60 138 51
60 139 36
60 140 75
60 141 65
60 142 25
60 143 26
60 144 65
60 145 29
60 146 51
60 147 46
60 148 14
60 149 23
60 0 45
60 1 76
60 2 5
60 3 61
60 4 58
60 5 29
60 6 9
61 7 1
61 8 79
61 9 51
61 10 55
61 11 47
61 12 72
61 13 42
61 14 77
61 15 80
61 16 33
61 17 78
61 18 9
61 19 83
61 20 66
61 21 83
61 22 47
61 23 90
61 24 60
61 25 63
61 26 70
61 27 10
61 28 8
61 29 36
61 30 32
61 31 52
61 32 11
61 33 89
61 34 65
61 35 68
61 36 69
61 37 25
61 38 20
61 39 48
61 40 27
61 41 75
61 42 94
61 43 51
62 44 68
62 45 22
62 46 30
62 47 100
62 48 52
62 49 90
62 50 34
62 51 17
62 52 24
62 53 80
62 54 58
62 55 84
62 56 95
62 57 80
62 58 93
62 59 2
62 60 15
62 61 77
62 63 6
62 64 77
62 65 65
62 66 22
62 67 97
62 68 85
62 69 98
62 70 68
62 71 32
62 72 24
62 73 94
62 74 78
62 75 26
62 76 61
62 77 51
62 78 7
62 79 12
62 80 2
63 81 96
63 82 45
63 83 70
63 84 20
63 85 77
63 86 80
63 87 55
63 88 71
63 89 59
63 90 47
63 91 72
63 92 25
63 93 75
63 94 29
63 95 1
63 96 91
63 97 50
63 98 49
63 99 76
63 100 47
63 101 17
63 102 59
63 103 23
63 104 10
63 105 36
63 106 48
63 107 71
63 108 87
63 109 7
63 110 34
63 111 40
63 112 2
63 113 79
63 114 62
63 115 73
63 116 55
63 117 41
64 118 27
64 119 25
64 120 51
64 121 26
64 122 48
64 123 75
64 124 100
64 125 29
64 126 27
64 127 43
64 128 78
64 129 28
64 130 18
64 131 77
64 132 44
64 133 76
64 134 51
64 135 53
64 136 64
64 137 50
64 138 75
64 139 50
64 140 56
64 141 9
64 142 41
64 143 58
64 144 87
64 145 2
64 146 82
64 147 93
64 148 94
64 149 9
64 0 69
64 1 44
64 2 86
64 3 68
64 4 70
65 5 37
65 6 96
65 7 49
65 8 79
65 9 26
65 10 76
65 11 48
65 12 54
65 13 19
65 14 76
65 15 4
65 16 23
65 17 39
65 18 53
65 19 98
65 20 40
65 21 9
65 22 58
65 23 32
65 24 18
65 25 96
65 26 34
65 27 99
65 28 88
65 29 79
65 30 59
65 31 8
65 32 23
65 33 44
65 34 75
65 35 44
65 36 81
65 37 71
65 38 92
65 39 59
65 40 48
65 41 67
66 42 7
66 43 1
66 44 85
66 45 34
66 46 4
66 47 8
66 48 72
66 49 56
66 50 57
66 51 63
66 52 16
66 53 66
66 54 94
66 55 33
66 56 61
66 57 79
66 58 84
66 59 100
66 60 58
66 61 42
66 62 7
66 63 32
66 64 86
66 65 81
66 67 75
66 68 66
66 69 3
66 70 67
66 71 76
66 72 50
66 73 33
66 74 34
66 75 50
66 76 70
66 77 67
66 78 53
67 79 29
67 80 90
67 81 61
67 82 85
67 83 4
67 84 76
67 85 50
67 86 50
67 87 61
67 88 62
67 89 28
67 90 44
67 91 61
67 92 37
67 93 85
67 94 67
67 95 20
67 96 22
67 97 99
67 98 95
67 99 87
67 100 2
67 101 13
67 102 15
67 103 51
67 104 97
67 105 48
67 106 1
67 107 66
67 108 67
67 109 5
67 110 46
67 111 8
67 112 17
67 113 30
67 114 12
67 115 93
68 116 31
68 117 61
68 118 5
68 119 92
68 120 40
68 121 48
68 122 4
68 123 77
68 124 84
68 125 22
68 126 96
68 127 6
68 128 21
68 129 42
68 130 44
68 131 22
68 132 6
68 133 58
68 134 24
68 135 3
68 136 58
68 137 76
68 138 20
68 139 76
68 140 81
68 141 66
68 142 83
68 143 97
68 144 47
68 145 94
68 146 41
68 147 30
68 148 54
68 149 45
68 0 21
68 1 94
68 2 44
69 3 77
69 4 22
69 5 28
69 6 98
69 7 69
69 8 85
69 9 70
69 10 63
69 11 28
69 12 43
69 13 68
69 14 38
69 15 67
69 16 70
69 17 95
69 18 42
69 19 42
69 20 22
69 21 74
69 22 7
69 23 4
69 24 23
69 25 5
69 26 98
69 27 63
69 28 34
69 29 3
69 30 60
69 31 7
69 32 48
69 33 3
69 34 83
69 35 69
69 36 82
69 37 32
69 38 90
69 39 66
70 40 2
70 41 52
70 42 94
70 43 44
70 44 19
70 45 83
70 46 10
70 47 89
70 48 29
70 49 4
70 50 82
70 51 50
70 52 77
70 53 88
70 54 53
70 55 51
70 56 44
70 57 50
70 58 14
70 59 78
70 60 53
70 61 25
70 62 84
70 63 100
70 64 79
70 65 66
70 66 21
70 67 61
70 68 49
70 69 10
70 71 26
70 72 50
70 73 61
70 74 71
70 75 94
70 76 79
71 77 53
71 78 55
71 79 19
71 80 81
71 81 58
71 82 100
71 83 30
71 84 87
71 85 39
71 86 35
71 87 37
71 88 83
71 89 84
71 90 2
71 91 60
71 92 88
71 93 26
71 94 95
71 95 40
71 96 5
71 97 12
71 98 60
71 99 17
71 100 60
71 101 21
71 102 94
71 103 10
71 104 81
71 105 65
71 106 55
71 107 11
71 108 69
71 109 9
71 110 30
71 111 2
71 112 67
71 113 81
72 114 83
72 115 53
72 116 72
72 117 17
72 118 41
72 119 6
72 120 53
72 121 43
72 122 17
72 123 40
72 124 20
72 125 11
72 126 31
72 127 76
72 128 22
72 129 90
72 130 92
72 131 81
72 132 62
72 133 86
72 134 42
72 135 42
72 136 2
72 137 96
72 138 5
72 139 70
72 140 5
72 141 86
72 142 71
72 143 23
72 144 66
72 145 54
72 146 27
72 147 89
72 148 22
72 149 67
72 0 94
73 1 74
73 2 61
73 3 10
73 4 14
73 5 81
73 6 20
73 7 44
73 8 8
73 9 93
73 10 86
73 11 100
73 12 26
73 13 99
73 14 37
73 15 67
73 16 41
73 17 38
73 18 15
73 19 45
73 20 59
73 21 19
73 22 30
73 23 30
73 24 93
73 25 47
73 26 35
73 27 19
73 28 36
73 29 56
73 30 85
73 31 29
73 32 30
73 33 98
73 34 91
73 35 95
73 36 78
73 37 10
74 38 90
74 39 85
74 40 3
74 41 27
74 42 36
74 43 80
74 44 26
74 45 24
74 46 46
74 47 18
74 48 61
74 49 12
74 50 14
74 51 72
74 52 82
74 53 95
74 54 1
74 55 74
74 56 93
74 57 87
74 58 92
74 59 28
74 60 94
74 61 29
74 62 9
74 63 23
74 64 26
74 65 99
74 66 69
74 67 55
74 68 60
74 69 59
74 70 91
74 71 14
74 72 37
74 73 79
75 76 93
75 77 62
75 78 2
75 79 39
75 80 31
75 81 15
75 82 2
75 83 44
75 84 86
75 85 84
75 86 90
75 87 38
75 88 57
75 89 83
75 90 24
75 91 49
75 92 62
75 93 17
75 94 29
75 95 22
75 96 92
75 97 6
75 98 20
75 99 12
75 100 12
75 101 32
75 102 70
75 103 2
75 104 45
75 105 59
75 106 32
75 107 38
75 108 72
75 109 34
75 110 28
75 111 3
76 112 100
76 113 29
76 114 98
76 115 85
76 116 12
76 117 88
76 118 22
76 119 69
76 120 22
76 121 97
76 122 69
76 123 83
76 124 65
76 125 49
76 126 5
76 127 56
76 128 54
76 129 76
76 130 20
76 131 65
76 132 7
76 133 89
76 134 18
76 135 4
76 136 99
76 137 50
76 138 41
76 139 71
76 140 35
76 141 20
76 142 25
76 143 34
76 144 48
76 145 22
76 146 18
76 147 12
76 148 61
77 149 91
77 0 32
77 1 82
77 2 87
77 3 100
77 4 17
77 5 3
77 6 100
77 7 73
77 8 11
77 9 53
77 10 48
77 11 30
77 12 69
77 13 7
77 14 70
77 15 86
77 16 10
77 17 69
77 18 35
77 19 2
77 20 39
77 21 69
77 22 21
77 23 15
77 24 54
77 25 20
77 26 36
77 27 71
77 28 31
77 29 49
77 30 13
77 31 62
77 32 82
77 33 99
77 34 13
77 35 50
78 36 2
78 37 12
78 38 22
78 39 64
78 40 16
78 41 22
78 42 93
78 43 84
78 44 28
78 45 62
78 46 70
78 47 89
78 48 30
78 49 56
78 50 90
78 51 20
78 52 77
78 53 10
78 54 34
78 55 30
78 56 81
78 57 22
78 58 1
78 59 12
78 60 22
78 61 65
78 62 25
78 63 3
78 64 64
78 65 38
78 66 53
78 67 17
78 68 1
78 69 26
78 70 80
78 71 17
78 72 47
79 73 24
79 74 100
79 75 26
79 76 85
79 77 21
79 78 14
79 80 15
79 81 77
79 82 55
79 83 86
79 84 53
79 85 16
79 86 20
79 87 82
79 88 97
79 89 93
79 90 34
79 91 8
79 92 14
79 93 99
79 94 32
79 95 68
79 96 14
79 97 21
79 98 72
79 99 82
79 100 22
79 101 98
79 102 13
79 103 90
79 104 96
79 105 36
79 106 89
79 107 22
79 108 72
79 109 62
80 110 35
80 111 86
80 112 38
80 113 90
80 114 72
80 115 42
80 116 5
80 117 43
80 118 75
80 119 1
80 120 87
80 121 61
80 122 60
80 123 100
80 124 11
80 125 92
80 126 19
80 127 76
80 128 64
80 129 91
80 130 9
80 131 85
80 132 40
80 133 73
80 134 74
80 135 35
80 136 60
80 137 15
80 138 56
80 139 31
80 140 76
80 141 91
80 142 69
80 143 65
80 144 32
80 145 92
80 146 58
81 147 88
81 148 34
81 149 32
81 0 41
81 1 20
81 2 44
81 3 100
81 4 71
81 5 54
81 6 43
81 7 89
81 8 81
81 9 59
81 10 79
81 11 89
81 12 43
81 13 18
81 14 61
81 15 69
81 16 53
81 17 20
81 18 35
81 19 60
81 20 3
81 21 10
81 22 2
81 23 71
81 24 26
81 25 33
81 26 62
81 27 83
81 28 73
81 29 47
81 30 66
81 31 13
81 32 66
81 33 62
82 34 64
82 35 88
82 36 67
82 37 59
82 38 76
82 39 48
82 40 17
82 41 7
82 42 36
82 43 11
82 44 76
82 45 49
82 46 79
82 47 80
82 48 20
82 49 13
82 50 40
82 51 74
82 52 74
82 53 41
82 54 44
82 55 51
82 56 26
82 57 57
82 58 85
82 59 98
82 60 3
82 61 3
82 62 62
82 63 20
82 64 64
82 65 77
82 66 7
82 67 30
82 68 87
82 69 35
82 70 77
83 71 3
83 72 41
83 73 65
83 74 14
83 75 68
83 76 65
83 77 44
83 78 48
83 79 84
83 80 9
83 81 39
83 82 58
83 84 34
83 85 79
83 86 53
83 87 85
83 88 56
83 89 10
83 90 69
83 91 5
83 92 64
83 93 71
83 94 66
83 95 84
83 96 86
83 97 95
83 98 90
83 99 16
83 100 81
83 101 76
83 102 44
83 103 36
83 104 68
83 105 8
83 106 1
83 107 36
84 108 24
84 109 44
84 110 35
84 111 60
84 112 4
84 113 73
84 114 17
84 115 38
84 116 3
84 117 21
84 118 74
84 119 59
84 120 82
84 121 42
84 122 63
84 123 46
84 124 65
84 125 81
84 126 29
84 127 50
84 128 75
84 129 70
84 130 17
84 131 55
84 132 46
84 133 61
84 134 42
84 135 13
84 136 20
84 137 42
84 138 100
84 139 44
84 140 86
84 141 34
84 142 3
84 143 41
84 144 6
85 145 71
85 146 78
85 147 9
85 148 91
85 149 3
85 0 67
85 1 73
85 2 45
85 3 81
85 4 18
85 5 61
85 6 61
85 7 98
85 8 62
85 9 35
85 10 67
85 11 79
85 12 42
85 13 64
85 14 39
85 15 35
85 16 29
85 17 58
85 18 77
85 19 80
85 20 1
85 21 14
85 22 14
85 23 3
85 24 54
85 25 71
85 26 73
85 27 84
85 28 31
85 29 16
85 30 86
85 31 49
86 32 88
86 33 82
86 34 30
86 35 57
86 36 42
86 37 90
86 38 6
86 39 56
86 40 77
86 41 24
86 42 34
86 43 70
86 44 88
86 45 72
86 46 4
86 47 68
86 48 29
86 49 80
86 50 47
86 51 82
86 52 45
86 53 12
86 54 36
86 55 99
86 56 83
86 57 9
86 58 82
86 59 13
86 60 76
86 61 19
86 62 62
86 63 63
86 64 1
86 65 43
86 66 71
86 67 94
86 68 84
87 69 76
87 70 49
87 71 60
87 72 99
87 73 34
87 74 81
87 75 38
87 76 5
87 77 37
87 78 57
87 79 86
87 80 68
87 81 56
87 82 67
87 83 13
87 84 67
87 85 54
87 86 11
87 88 1
87 89 62
87 90 44
87 91 66
87 92 37
87 93 14
87 94 27
87 95 51
87 96 14
87 97 21
87 98 73
87 99 60
87 100 4
87 101 100
87 102 60
87 103 16
87 104 51
87 105 94
88 106 96
88 107 88
88 108 50
88 109 84
88 110 97
88 111 87
88 112 52
88 113 52
88 114 5
88 115 64
88 116 18
88 117 59
88 118 26
88 119 19
88 120 20
88 121 69
88 122 84
88 123 9
88 124 82
88 125 62
88 126 11
88 127 48
88 128 34
88 129 84
88 130 59
88 131 37
88 132 35
88 133 70
88 134 52
88 135 85
88 136 63
88 137 100
88 138 25
88 139 65
88 140 83
88 141 21
88 142 51
89 143 34
89 144 72
89 145 56
89 146 49
89 147 41
89 148 14
89 149 74
89 0 11
89 1 85
89 2 94
89 3 46
89 4 45
89 5 28
89 6 7
89 7 56
89 8 27
89 9 92
89 10 91
89 11 85
89 12 29
89 13 25
89 14 54
89 15 32
89 16 62
89 17 69
89 18 31
89 19 86
89 20 85
89 21 66
89 22 6
89 23 35
89 24 99
89 25 77
89 26 90
89 27 48
89 28 17
89 29 55
90 30 73
90 31 28
90 32 40
90 33 67
90 34 73
90 35 84
90 36 46
90 37 32
90 38 91
90 39 72
90 40 75
90 41 81
90 42 8
90 43 3
90 44 58
90 45 13
90 46 87
90 47 19
90 48 33
90 49 17
90 50 4
90 51 17
90 52 82
90 53 9
90 54 52
90 55 33
90 56 37
90 57 93
90 58 32
90 59 5
90 60 48
90 61 4
90 62 32
90 63 87
90 64 22
90 65 57
90 66 22
91 67 67
91 68 40
91 69 13
91 70 90
91 71 14
91 72 45
91 73 97
91 74 69
91 75 2
91 76 10
91 77 55
91 78 72
91 79 94
91 80 23
91 81 75
91 82 11
91 83 5
91 84 35
91 85 62
91 86 89
91 87 71
91 88 6
91 89 20
91 90 28
91 92 53
91 93 23
91 94 11
91 95 91
91 96 45
91 97 67
91 98 65
91 99 63
91 100 58
91 101 77
91 102 53
91 103 24
92 104 21
92 105 1
92 106 92
92 107 75
92 108 62
92 109 46
92 110 46
92 111 56
92 112 68
92 113 73
92 114 66
92 115 24
92 116 59
92 117 79
92 118 12
92 119 82
92 120 84
92 121 83
92 122 9
92 123 89
92 124 6
92 125 19
92 126 79
92 127 2
92 128 38
92 129 43
92 130 16
92 131 95
92 132 71
92 133 68
92 134 18
92 135 44
92 136 21
92 137 61
92 138 18
92 139 82
92 140 6
93 141 15
93 142 37
93 143 26
93 144 39
93 145 2
93 146 1
93 147 98
93 148 80
93 149 65
93 0 79
93 1 64
93 2 47
93 3 87
93 4 4
93 5 4
93 6 57
93 7 82
93 8 57
93 9 94
93 10 77
93 11 73
93 12 89
93 13 99
93 14 92
93 15 58
93 16 42
93 17 12
93 18 19
93 19 11
93 20 94
93 21 76
93 22 78
93 23 30
93 24 53
93 25 16
93 26 32
93 27 54
94 28 65
94 29 63
94 30 18
94 31 95
94 32 78
94 33 16
94 34 81
94 35 81
94 36 20
94 37 90
94 38 15
94 39 76
94 40 83
94 41 43
94 42 48
94 43 23
94 44 41
94 45 92
94 46 33
94 47 35
94 48 3
94 49 51
94 50 97
94 51 96
94 52 78
94 53 26
94 54 78
94 55 31
94 56 42
94 57 61
94 58 36
94 59 58
94 60 23
94 61 53
94 62 53
94 63 53
94 64 68
95 65 85
95 66 33
95 67 39
95 68 74
95 69 99
95 70 15
95 71 9
95 72 41
95 73 14
95 74 31
95 75 34
95 76 5
95 77 15
95 78 68
95 79 8
95 80 65
95 81 16
95 82 55
95 83 95
95 84 42
95 85 32
95 86 25
95 87 35
95 88 92
95 89 60
95 90 92
95 91 67
95 92 64
95 93 96
95 94 19
95 96 83
95 97 81
95 98 3
95 99 22
95 100 54
95 101 2
96 102 36
96 103 14
96 104 42
96 105 49
96 106 97
96 107 27
96 108 6
96 109 11
96 110 46
96 111 13
96 112 28
96 113 62
96 114 19
96 115 22
96 116 3
96 117 3
96 118 98
96 119 89
96 120 46
96 121 57
96 122 80
96 123 12
96 124 72
96 125 76
96 126 82
96 127 54
96 128 8
96 129 85
96 130 27
96 131 13
96 132 38
96 133 62
96 134 27
96 135 31
96 136 63
96 137 23
96 138 58
97 139 20
97 140 33
97 141 3
97 142 84
97 143 60
97 144 64
97 145 2
97 146 81
97 147 18
97 148 4
97 149 30
97 0 6
97 1 2
97 2 38
97 3 38
97 4 13
97 5 9
97 6 65
97 7 47
97 8 15
97 9 72
97 10 83
97 11 41
97 12 84
97 13 20
97 14 55
97 15 10
97 16 50
97 17 69
97 18 84
97 19 7
97 20 88
97 21 17
97 22 10
97 23 71
97 24 76
97 25 25
98 26 24
98 27 9
98 28 95
98 29 80
98 30 38
98 31 100
98 32 81
98 33 76
98 34 89
98 35 45
98 36 36
98 37 53
98 38 91
98 39 50
98 40 76
98 41 73
98 42 43
98 43 60
98 44 44
98 45 97
98 46 21
98 47 94
98 48 17
98 49 5
98 50 52
98 51 4
98 52 73
98 53 13
98 54 26
98 55 100
98 56 38
98 57 49
98 58 60
98 59 32
98 60 28
98 61 98
98 62 83
99 63 60
99 64 25
99 65 24
99 66 5
99 67 12
99 68 28
99 69 95
99 70 62
99 71 4
99 72 20
99 73 56
99 74 15
99 75 63
99 76 52
99 77 87
99 78 8
99 79 20
99 80 43
99 81 60
99 82 75
99 83 15
99 84 72
99 85 100
99 86 67
99 87 61
99 88 100
99 89 26
99 90 44
99 91 80
99 92 75
99 93 79
99 94 39
99 95 99
99 96 2
99 97 43
99 98 63
100 101 81
100 102 90
100 103 24
100 104 84
100 105 61
100 106 79
100 107 50
100 108 75
100 109 82
100 110 37
100 111 35
100 112 1
100 113 31
100 114 94
100 115 75
100 116 98
100 117 17
100 118 26
100 119 64
100 120 78
100 121 25
100 122 89
100 123 73
100 124 56
100 125 64
100 126 51
100 127 95
100 128 14
100 129 4
100 130 89
100 131 76
100 132 37
100 133 30
100 134 51
100 135 72
100 136 42
101 137 81
101 138 22
101 139 17
101 140 14
101 141 10
101 142 51
101 143 66
101 144 40
101 145 96
101 146 92
101 147 37
101 148 64
101 149 17
101 0 52
101 1 93
101 2 94
101 3 41
101 4 66
101 5 49
101 6 56
101 7 68
101 8 95
101 9 21
101 10 24
101 11 36
101 12 49
101 13 60
101 14 17
101 15 51
101 16 31
101 17 59
101 18 32
101 19 4
101 20 27
101 21 97
101 22 65
101 23 29
102 24 63
102 25 5
102 26 76
102 27 54
102 28 93
102 29 39
102 30 71
102 31 97
102 32 32
102 33 16
102 34 89
102 35 97
102 36 16
102 37 44
102 38 16
102 39 11
102 40 16
102 41 91
102 42 98
102 43 64
102 44 50
102 45 14
102 46 15
102 47 33
102 48 24
102 49 98
102 50 88
102 51 2
102 52 94
102 53 53
102 54 30
102 55 56
102 56 9
102 57 5
102 58 62
102 59 53
102 60 44
103 61 32
103 62 49
103 63 27
103 64 99
103 65 37
103 66 75
103 67 14
103 68 32
103 69 90
103 70 76
103 71 48
103 72 81
103 73 73
103 74 11
103 75 82
103 76 39
103 77 77
103 78 66
103 79 62
103 80 26
103 81 54
103 82 64
103 83 20
103 84 6
103 85 45
103 86 27
103 87 14
103 88 50
103 89 88
103 90 66
103 91 45
103 92 71
103 93 15
103 94 23
103 95 21
103 96 3
103 97 97
104 98 35
104 99 35
104 100 86
104 101 10
104 102 82
104 103 18
104 105 35
104 106 44
104 107 52
104 108 73
104 109 73
104 110 17
104 111 86
104 112 98
104 113 70
104 114 1
104 115 69
104 116 75
104 117 46
104 118 48
104 119 40
104 120 47
104 121 87
104 122 6
104 123 43
104 124 58
104 125 72
104 126 65
104 127 30
104 128 74
104 129 61
104 130 64
104 131 8
104 132 98
104 133 26
104 134 89
105 135 16
105 136 60
105 137 85
105 138 67
105 139 32
105 140 57
105 141 83
105 142 69
105 143 54
105 144 5
105 145 70
105 146 75
105 147 31
105 148 15
105 149 22
105 0 71
105 1 61
105 2 8
105 3 76
105 4 3
105 5 17
105 6 99
105 7 67
105 8 47
105 9 72
105 10 79
105 11 62
105 12 80
105 13 76
105 14 87
105 15 20
105 16 91
105 17 46
105 18 4
105 19 9
105 20 29
105 21 12
106 22 44
106 23 98
106 24 18
106 25 100
106 26 67
106 27 92
106 28 30
106 29 81
106 30 65
106 31 100
106 32 93
106 33 72
106 34 27
106 35 47
106 36 41
106 37 25
106 38 65
106 39 87
106 40 97
106 41 43
106 42 48
106 43 28
106 44 18
106 45 87
106 46 47
106 47 61
106 48 32
106 49 3
106 50 21
106 51 13
106 52 14
106 53 16
106 54 10
106 55 83
106 56 15
106 57 28
106 58 74
107 59 45
107 60 60
107 61 38
107 62 44
107 63 52
107 64 62
107 65 23
107 66 50
107 67 2
107 68 47
107 69 14
107 70 40
107 71 43
107 72 8
107 73 39
107 74 70
107 75 25
107 76 25
107 77 69
107 78 37
107 79 9
107 80 23
107 81 58
107 82 21
107 83 88
107 84 25
107 85 30
107 86 71
107 87 40
107 88 57
107 89 44
107 90 84
107 91 16
107 92 34
107 93 79
107 94 19
107 95 47
108 96 1
108 97 68
108 98 48
108 99 100
108 100 33
108 101 39
108 102 42
108 103 40
108 104 77
108 105 64
108 106 16
108 107 54
108 109 84
108 110 53
108 111 62
108 112 6
108 113 62
108 114 34
108 115 93
108 116 86
108 117 63
108 118 63
108 119 25
108 120 71
108 121 59
108 122 60
108 123 38
108 124 92
108 125 91
108 126 8
108 127 90
108 128 43
108 129 27
108 130 37
108 131 42
108 132 59
109 133 27
109 134 36
109 135 98
109 136 55
109 137 99
109 138 65
109 139 8
109 140 34
109 141 17
109 142 21
109 143 39
109 144 30
109 145 54
109 146 83
109 147 16
109 148 68
109 149 46
109 0 92
109 1 90
109 2 56
109 3 4
109 4 27
109 5 99
109 6 46
109 7 86
109 8 88
109 9 88
109 10 12
109 11 76
109 12 82
109 13 70
109 14 2
109 15 17
109 16 19
109 17 56
109 18 67
109 19 84
110 20 64
110 21 100
110 22 52
110 23 36
110 24 90
110 25 82
110 26 90
110 27 72
110 28 49
110 29 57
110 30 69
110 31 92
110 32 99
110 33 24
110 34 95
110 35 77
110 36 22
110 37 92
110 38 63
110 39 9
110 40 32
110 41 26
110 42 84
110 43 13
110 44 96
110 45 37
110 46 81
110 47 66
110 48 93
110 49 99
110 50 1
110 51 8
110 52 98
110 53 5
110 54 43
110 55 39
110 56 86
111 57 84
111 58 62
111 59 86
111 60 93
111 61 31
111 62 77
111 63 91
111 64 6
111 65 24
111 66 67
111 67 28
111 68 15
111 69 81
111 70 88
111 71 46
111 72 7
111 73 24
111 74 10
111 75 54
111 76 60
111 77 90
111 78 71
111 79 52
111 80 88
111 81 72
111 82 11
111 83 37
111 84 76
111 85 6
111 86 75
111 87 13
111 88 89
111 89 37
111 90 50
111 91 81
111 92 19
111 93 26
112 94 23
112 95 24
112 96 49
112 97 42
112 98 51
112 99 16
112 100 22
112 101 91
112 102 61
112 103 80
112 104 14
112 105 23
112 106 33
112 107 73
112 108 12
112 109 56
112 110 77
112 111 100
112 113 27
112 114 39
112 115 88
112 116 54
112 117 44
112 118 15
112 119 18
112 120 85
112 121 51
112 122 67
112 123 17
112 124 21
112 125 44
112 126 40
112 127 44
112 128 93
112 129 33
112 130 47
113 131 60
113 132 54
113 133 37
113 134 72
113 135 86
113 136 2
113 137 94
113 138 70
113 139 26
113 140 6
113 141 25
113 142 2
113 143 57
113 144 51
113 145 93
113 146 44
113 147 56
113 148 36
113 149 10
113 0 25
113 1 20
113 2 12
113 3 43
113 4 37
113 5 32
113 6 87
113 7 28
113 8 28
113 9 31
113 10 60
113 11 74
113 12 90
113 13 65
113 14 62
113 15 61
113 16 50
113 17 15
114 18 55
114 19 20
114 20 40
114 21 12
114 22 44
114 23 94
114 24 20
114 25 47
114 26 86
114 27 63
114 28 54
114 29 21
114 30 25
114 31 31
114 32 93
114 33 36
114 34 73
114 35 81
114 36 68
114 37 59
114 38 8
114 39 95
114 40 89
114 41 67
114 42 20
114 43 30
114 44 83
114 45 33
114 46 91
114 47 33
114 48 47
114 49 97
114 50 4
114 51 86
114 52 60
114 53 99
114 54 79
115 55 79
115 56 97
115 57 64
115 58 93
115 59 51
115 60 37
115 61 17
115 62 81
115 63 81
115 64 53
115 65 5
115 66 61
115 67 20
115 68 64
115 69 20
115 70 66
115 71 4
115 72 86
115 73 85
115 74 34
115 75 20
115 76 17
115 77 76
115 78 4
115 79 15
115 80 72
115 81 7
115 82 100
115 83 31
115 84 58
115 85 31
115 86 9
115 87 54
115 88 46
115 89 53
115 90 56
115 91 34
116 92 70
116 93 88
116 94 14
116 95 22
116 96 93
116 97 26
116 98 93
116 99 8
116 100 45
116 101 58
116 102 11
116 103 82
116 104 94
116 105 44
116 106 2
116 107 62
116 108 19
116 109 5
116 110 76
116 111 42
116 112 64
116 113 27
116 114 24
116 115 21
116 117 57
116 118 84
116 119 26
116 120 3
116 121 37
116 122 82
116 123 36
116 124 6
116 125 21
116 126 2
116 127 79
116 128 13
117 129 27
117 130 71
117 131 20
117 132 72
117 133 80
117 134 31
117 135 53
117 136 25
117 137 26
117 138 6
117 139 38
117 140 97
117 141 11
117 142 13
117 143 38
117 144 26
117 145 91
117 146 14
117 147 46
117 148 100
117 149 97
117 0 71
117 1 54
117 2 85
117 3 4
117 4 89
117 5 90
117 6 25
117 7 42
117 8 68
117 9 89
117 10 69
117 11 90
117 12 9
117 13 92
117 14 69
117 15 91
118 16 96
118 17 93
118 18 68
118 19 2
118 20 82
118 21 64
118 22 64
118 23 94
118 24 54
118 25 89
118 26 37
118 27 67
118 28 86
118 29 36
118 30 15
118 31 8
118 32 89
118 33 100
118 34 12
118 35 29
118 36 41
118 37 88
118 38 71
118 39 9
118 40 76
118 41 91
118 42 50
118 43 36
118 44 34
118 45 19
118 46 78
118 47 81
118 48 63
118 49 98
118 50 34
118 51 45
118 52 61
119 53 97
119 54 90
119 55 66
119 56 37
119 57 78
119 58 84
119 59 74
119 60 13
119 61 99
119 62 82
119 63 53
119 64 50
119 65 45
119 66 82
119 67 90
119 68 84
119 69 4
119 70 50
119 71 11
119 72 46
119 73 100
119 74 99
119 75 31
119 76 70
119 77 76
119 78 11
119 79 84
119 80 25
119 81 45
119 82 28
119 83 86
119 84 93
119 85 70
119 86 3
119 87 82
119 88 47
119 89 87
120 90 55
120 91 12
120 92 37
120 93 88
120 94 64
120 95 38
120 96 32
120 97 97
120 98 79
120 99 67
120 100 52
120 101 29
120 102 78
120 103 49
120 104 80
120 105 76
120 106 79
120 107 49
120 108 3
120 109 42
120 110 32
120 111 28
120 112 38
120 113 12
120 114 65
120 115 30
120 116 33
120 117 67
120 118 11
120 119 31
120 121 5
120 122 18
120 123 94
120 124 93
120 125 5
120 126 10
121 127 82
121 128 89
121 129 6
121 130 61
121 131 55
121 132 10
121 133 89
121 134 32
121 135 10
121 136 20
121 137 59
121 138 89
121 139 68
121 140 62
121 141 82
121 142 51
121 143 89
121 144 19
121 145 14
121 146 53
121 147 100
121 148 98
121 149 71
121 0 11
121 1 29
121 2 76
121 3 80
121 4 22
121 5 20
121 6 84
121 7 31
121 8 2
121 9 24
121 10 89
121 11 62
121 12 79
121 13 50
122 14 2
122 15 62
122 16 59
122 17 21
122 18 21
122 19 99
122 20 40
122 21 82
122 22 80
122 23 42
122 24 22
122 25 98
122 26 8
122 27 74
122 28 50
122 29 5
122 30 96
122 31 60
122 32 33
122 33 71
122 34 91
122 35 7
122 36 43
122 37 26
122 38 37
122 39 44
122 40 50
122 41 77
122 42 57
122 43 80
122 44 26
122 45 10
122 46 93
122 47 85
122 48 82
122 49 13
122 50 35
123 51 73
123 52 46
123 53 15
123 54 14
123 55 19
123 56 64
123 57 21
123 58 44
123 59 13
123 60 26
123 61 40
123 62 24
123 63 10
123 64 10
123 65 14
123 66 16
123 67 4
123 68 92
123 69 5
123 70 99
123 71 41
123 72 81
123 73 7
123 74 72
123 75 59
123 76 16
123 77 64
123 78 95
123 79 49
123 80 29
123 81 29
123 82 21
123 83 26
123 84 95
123 85 35
123 86 45
123 87 59
124 88 7
124 89 88
124 90 23
124 91 32
124 92 27
124 93 47
124 94 94
124 95 89
124 96 12
124 97 9
124 98 92
124 99 3
124 100 65
124 101 43
124 102 95
124 103 98
124 104 49
124 105 18
124 106 56
124 107 65
124 108 82
124 109 2
124 110 13
124 111 62
124 112 30
124 113 34
124 114 87
124 115 25
124 116 20
124 117 31
124 118 35
124 119 26
124 120 71
124 121 9
124 122 10
124 123 49
125 126 7
125 127 3
125 128 37
125 129 19
125 130 63
125 131 81
125 132 73
125 133 80
125 134 23
125 135 20
125 136 77
125 137 71
125 138 37
125 139 84
125 140 87
125 141 70
125 142 85
125 143 52
125 144 31
125 145 66
125 146 37
125 147 18
125 148 42
125 149 56
125 0 100
125 1 76
125 2 33
125 3 22
125 4 37
125 5 94
125 6 71
125 7 43
125 8 48
125 9 7
125 10 61
125 11 63
126 12 39
126 13 86
126 14 42
126 15 61
126 16 57
126 17 18
126 18 84
126 19 45
126 20 53
126 21 22
126 22 15
126 23 89
126 24 73
126 25 45
126 26 54
126 27 61
126 28 14
126 29 96
126 30 68
126 31 14
126 32 23
126 33 1
126 34 87
126 35 59
126 36 46
126 37 57
126 38 54
126 39 94
126 40 16
126 41 66
126 42 56
126 43 54
126 44 51
126 45 97
126 46 67
126 47 59
126 48 66
127 49 2
127 50 4
127 51 70
127 52 23
127 53 18
127 54 58
127 55 48
127 56 14
127 57 11
127 58 8
127 59 28
127 60 58
127 61 28
127 62 93
127 63 33
127 64 80
127 65 79
127 66 43
127 67 25
127 68 88
127 69 96
127 70 18
127 71 3
127 72 62
127 73 25
127 74 8
127 75 64
127 76 73
127 77 74
127 78 23
127 79 38
127 80 27
127 81 78
127 82 7
127 83 2
127 84 47
127 85 16
128 86 49
128 87 12
128 88 27
128 89 8
128 90 91
128 91 36
128 92 35
128 93 83
128 94 20
128 95 14
128 96 14
128 97 63
128 98 91
128 99 1
128 100 10
128 101 60
128 102 55
128 103 71
128 104 85
128 105 62
128 106 87
128 107 57
128 108 88
128 109 61
128 110 47
128 111 14
128 112 38
128 113 5
128 114 15
128 115 36
128 116 21
128 117 15
128 118 47
128 119 99
128 120 75
128 121 38
128 122 34
129 123 61
129 124 72
129 125 54
129 126 27
129 127 37
129 128 68
129 130 17
129 131 37
129 132 77
129 133 76
129 134 43
129 135 100
129 136 60
129 137 57
129 138 86
129 139 69
129 140 44
129 141 46
129 142 15
129 143 9
129 144 35
129 145 19
129 146 76
129 147 70
129 148 39
129 149 42
129 0 68
129 1 37
129 2 16
129 3 5
129 4 23
129 5 77
129 6 77
129 7 28
129 8 3
129 9 13
130 10 95
130 11 71
130 12 2
130 13 71
130 14 46
130 15 96
130 16 22
130 17 6
130 18 52
130 19 7
130 20 26
130 21 47
130 22 4
130 23 40
130 24 56
130 25 90
130 26 58
130 27 83
130 28 11
130 29 49
130 30 24
130 31 79
130 32 37
130 33 92
130 34 83
130 35 59
130 36 68
130 37 11
130 38 86
130 39 22
130 40 76
130 41 80
130 42 92
130 43 29
130 44 3
130 45 89
130 46 24
131 47 24
131 48 94
131 49 28
131 50 83
131 51 19
131 52 74
131 53 38
131 54 10
131 55 29
131 56 28
131 57 20
131 58 11
131 59 38
131 60 68
131 61 87
131 62 16
131 63 4
131 64 78
131 65 51
131 66 15
131 67 97
131 68 13
131 69 100
131 70 18
131 71 88
131 72 32
131 73 61
131 74 68
131 75 86
131 76 49
131 77 44
131 78 61
131 79 95
131 80 71
131 81 43
131 82 65
131 83 44
132 84 33
132 85 75
132 86 25
132 87 60
132 88 94
132 89 87
132 90 49
132 91 13
132 92 73
132 93 17
132 94 68
132 95 50
132 96 67
132 97 82
132 98 98
132 99 79
132 100 34
132 101 15
132 102 19
132 103 65
132 104 27
132 105 38
132 106 2
132 107 28
132 108 81
132 109 62
132 110 22
132 111 51
132 112 57
132 113 38
132 114 95
132 115 89
132 116 12
132 117 19
132 118 100
132 119 57
132 120 5
133 121 48
133 122 21
133 123 30
133 124 16
133 125 89
133 126 31
133 127 82
133 128 70
133 129 29
133 130 13
133 131 3
133 132 95
133 134 83
133 135 19
133 136 22
133 137 20
133 138 20
133 139 49
133 140 1
133 141 34
133 142 22
133 143 3
133 144 90
133 145 59
133 146 97
133 147 30
133 148 23
133 149 67
133 0 29
133 1 31
133 2 24
133 3 28
133 4 52
133 5 5
133 6 44
133 7 40
134 8 35
134 9 77
134 10 61
134 11 63
134 12 41
134 13 16
134 14 10
134 15 75
134 16 86
134 17 31
134 18 95
134 19 58
134 20 31
134 21 47
134 22 91
134 23 4
134 24 49
134 25 32
134 26 14
134 27 98
134 28 61
134 29 36
134 30 16
134 31 41
134 32 19
134 33 91
134 34 68
134 35 70
134 36 95
134 37 63
134 38 61
134 39 30
134 40 92
134 41 73
134 42 44
134 43 32
134 44 88
135 45 53
135 46 7
135 47 26
135 48 35
135 49 53
135 50 83
135 51 17
135 52 51
135 53 73
135 54 72
135 55 99
135 56 56
135 57 86
135 58 48
135 59 16
135 60 21
135 61 64
135 62 56
135 63 39
135 64 6
135 65 75
135 66 60
135 67 1
135 68 90
135 69 20
135 70 82
135 71 33
135 72 93
135 73 77
135 74 16
135 75 32
135 76 82
135 77 74
135 78 57
135 79 16
135 80 26
135 81 39
136 82 85
136 83 76
136 84 63
136 85 56
136 86 27
136 87 18
136 88 41
136 89 74
136 90 85
136 91 14
136 92 89
136 93 92
136 94 4
136 95 95
136 96 19
136 97 64
136 98 47
136 99 8
136 100 35
136 101 28
136 102 92
136 103 79
136 104 56
136 105 7
136 106 11
136 107 37
136 108 81
136 109 19
136 110 53
136 111 58
136 112 10
136 113 89
136 114 34
136 115 72
136 116 96
136 117 12
136 118 42
137 119 37
137 120 37
137 121 78
137 122 2
137 123 78
137 124 70
137 125 5
137 126 72
137 127 88
137 128 20
137 129 70
137 130 47
137 131 7
137 132 49
137 133 38
137 134 85
137 135 4
137 136 96
137 138 47
137 139 41
137 140 76
137 141 66
137 142 45
137 143 34
137 144 75
137 145 33
137 146 19
137 147 98
137 148 28
137 149 30
137 0 91
137 1 16
137 2 18
137 3 69
137 4 17
137 5 95
138 6 38
138 7 74
138 8 18
138 9 77
138 10 45
138 11 87
138 12 75
138 13 51
138 14 35
138 15 64
138 16 88
138 17 39
138 18 59
138 19 34
138 20 79
138 21 35
138 22 51
138 23 23
138 24 68
138 25 25
138 26 7
138 27 38
138 28 75
138 29 86
138 30 67
138 31 65
138 32 2
138 33 84
138 34 33
138 35 70
138 36 79
138 37 22
138 38 95
138 39 48
138 40 98
138 41 40
138 42 35
139 43 72
139 44 90
139 45 69
139 46 35
139 47 29
139 48 59
139 49 46
139 50 63
139 51 37
139 52 80
139 53 13
139 54 11
139 55 99
139 56 90
139 57 17
139 58 36
139 59 16
139 60 55
139 61 54
139 62 80
139 63 56
139 64 89
139 65 65
139 66 77
139 67 19
139 68 86
139 69 72
139 70 67
139 71 36
139 72 11
139 73 1
139 74 59
139 75 52
139 76 21
139 77 94
139 78 81
139 79 80
140 80 91
140 81 95
140 82 68
140 83 70
140 84 59
140 85 31
140 86 20
140 87 100
140 88 99
140 89 55
140 90 15
140 91 53
140 92 8
140 93 47
140 94 8
140 95 48
140 96 11
140 97 85
140 98 67
140 99 48
140 100 56
140 101 33
140 102 83
140 103 18
140 104 33
140 105 42
140 106 69
140 107 5
140 108 87
140 109 49
140 110 84
140 111 77
140 112 95
140 113 4
140 114 98
140 115 54
140 116 34
141 117 17
141 118 53
141 119 32
141 120 71
141 121 68
141 122 85
141 123 30
141 124 14
141 125 44
141 126 77
141 127 76
141 128 28
141 129 95
141 130 23
141 131 35
141 132 27
141 133 58
141 134 52
141 135 11
141 136 99
141 137 73
141 138 16
141 139 37
141 140 73
141 142 99
141 143 13
141 144 68
141 145 54
141 146 10
141 147 21
141 148 87
141 149 78
141 0 73
141 1 19
141 2 100
141 3 40
142 4 55
142 5 29
142 6 5
142 7 98
142 8 57
142 9 32
142 10 26
142 11 52
142 12 55
142 13 12
142 14 30
142 15 12
142 16 16
142 17 41
142 18 62
142 19 88
142 20 56
142 21 98
142 22 60
142 23 6
142 24 62
142 25 79
142 26 60
142 27 23
142 28 99
142 29 46
142 30 100
142 31 24
142 32 16
142 33 99
142 34 15
142 35 70
142 36 79
142 37 20
142 38 68
142 39 87
142 40 51
143 41 45
143 42 90
143 43 57
143 44 8
143 45 20
143 46 20
143 47 23
143 48 60
143 49 33
143 50 62
143 51 15
143 52 30
143 53 74
143 54 72
143 55 43
143 56 52
143 57 31
143 58 65
143 59 3
143 60 29
143 61 16
143 62 26
143 63 96
143 64 66
143 65 40
143 66 66
143 67 44
143 68 11
143 69 85
143 70 83
143 71 14
143 72 81
143 73 72
143 74 70
143 75 88
143 76 91
143 77 42
144 78 63
144 79 2
144 80 74
144 81 24
144 82 68
144 83 56
144 84 97
144 85 40
144 86 98
144 87 1
144 88 22
144 89 15
144 90 3
144 91 2
144 92 82
144 93 28
144 94 98
144 95 48
144 96 67
144 97 15
144 98 43
144 99 78
144 100 99
144 101 25
144 102 91
144 103 79
144 104 49
144 105 12
144 106 18
144 107 91
144 108 53
144 109 80
144 110 93
144 111 79
144 112 4
144 113 12
144 114 34
145 115 52
145 116 3
145 117 31
145 118 52
145 119 25
145 120 97
145 121 54
145 122 26
145 123 79
145 124 81
145 125 75
145 126 26
145 127 100
145 128 89
145 129 20
145 130 77
145 131 39
145 132 45
145 133 19
145 134 69
145 135 45
145 136 30
145 137 87
145 138 35
145 139 35
145 140 18
145 141 79
145 142 13
145 143 21
145 144 91
145 146 46
145 147 25
145 148 93
145 149 28
145 0 76
145 1 69
146 2 25
146 3 82
146 4 47
146 5 55
146 6 14
146 7 21
146 8 32
146 9 13
146 10 62
146 11 51
146 12 41
146 13 100
146 14 95
146 15 11
146 16 69
146 17 39
146 18 93
146 19 7
146 20 26
146 21 27
146 22 24
146 23 4
146 24 39
146 25 97
146 26 94
146 27 36
146 28 21
146 29 39
146 30 63
146 31 48
146 32 7
146 33 39
146 34 29
146 35 5
146 36 45
146 37 95
146 38 26
147 39 76
147 40 7
147 41 39
147 42 27
147 43 100
147 44 38
147 45 73
147 46 10
147 47 58
147 48 64
147 49 2
147 50 64
147 51 89
147 52 80
147 53 88
147 54 92
147 55 18
147 56 84
147 57 38
147 58 5
147 59 4
147 60 76
147 61 20
147 62 3
147 63 34
147 64 10
147 65 32
147 66 39
147 67 55
147 68 26
147 69 16
147 70 30
147 71 84
147 72 54
147 73 56
147 74 35
147 75 43
148 76 29
148 77 45
148 78 1
148 79 92
148 80 98
148 81 64
148 82 80
148 83 78
148 84 3
148 85 23
148 86 47
148 87 86
148 88 60
148 89 52
148 90 41
148 91 87
148 92 23
148 93 44
148 94 21
148 95 32
148 96 27
148 97 11
148 98 86
148 99 4
148 100 26
148 101 16
148 102 87
148 103 31
148 104 71
148 105 22
148 106 73
148 107 51
148 108 18
148 109 25
148 110 94
148 111 67
148 112 89
149 113 25
149 114 44
149 115 91
149 116 48
149 117 43
149 118 29
149 119 59
149 120 46
149 121 69
149 122 46
149 123 68
149 124 64
149 125 18
149 126 99
149 127 90
149 128 28
149 129 37
149 130 93
149 131 5
149 132 52
149 133 32
149 134 35
149 135 74
149 136 53
149 137 59
149 138 77
149 139 22
149 140 84
149 141 70
149 142 88
149 143 24
149 144 95
149 145 84
149 146 66
149 147 94
149 148 26
43
