50 588
0 1 77
0 2 34
0 3 71
0 4 69
0 5 13
0 6 94
0 7 81
0 8 23
0 9 68
0 10 84
0 11 48
1 12 60
1 13 43
1 14 25
1 15 87
1 16 42
1 17 84
1 18 5
1 19 22
1 20 33
1 21 64
1 22 25
1 23 69
2 24 19
2 25 40
2 26 49
2 27 79
2 28 50
2 29 18
2 30 21
2 31 89
2 32 94
2 33 54
2 34 11
2 35 63
3 36 67
3 37 5
3 38 95
3 39 41
3 40 24
3 41 78
3 42 40
3 43 35
3 44 72
3 45 64
3 46 21
3 47 13
4 48 100
4 49 25
4 0 35
4 1 32
4 2 40
4 3 11
4 5 52
4 6 10
4 7 50
4 8 1
4 9 88
5 10 100
5 11 18
5 12 60
5 13 40
5 14 11
5 15 66
5 16 3
5 17 25
5 18 84
5 19 7
5 20 19
5 21 76
6 22 82
6 23 49
6 24 15
6 25 17
6 26 72
6 27 78
6 28 37
6 29 85
6 30 29
6 31 14
6 32 71
6 33 61
7 34 53
7 35 81
7 36 12
7 37 63
7 38 82
7 39 64
7 40 2
7 41 33
7 42 81
7 43 14
7 44 73
7 45 44
8 46 79
8 47 27
8 48 20
8 49 62
8 0 33
8 1 91
8 2 37
8 3 14
8 4 91
8 5 3
8 6 82
8 7 62
9 8 80
9 10 19
9 11 46
9 12 61
9 13 84
9 14 68
9 15 21
9 16 36
9 17 48
9 18 84
9 19 50
10 20 82
10 21 48
10 22 4
10 23 14
10 24 80
10 25 17
10 26 38
10 27 75
10 28 95
10 29 64
10 30 95
10 31 8
11 32 48
11 33 85
11 34 96
11 35 14
11 36 75
11 37 50
11 38 95
11 39 88
11 40 81
11 41 65
11 42 34
11 43 41
12 44 48
12 45 53
12 46 61
12 47 36
12 48 53
12 49 97
12 0 85
12 1 34
12 2 96
12 3 40
12 4 47
12 5 27
13 6 56
13 7 37
13 8 2
13 9 2
13 10 100
13 11 48
13 12 61
13 14 100
13 15 84
13 16 8
13 17 13
14 18 10
14 19 57
14 20 7
14 21 97
14 22 38
14 23 24
14 24 82
14 25 78
14 26 71
14 27 35
14 28 91
14 29 58
15 30 87
15 31 87
15 32 95
15 33 72
15 34 34
15 35 34
15 36 70
15 37 60
15 38 90
15 39 6
15 40 13
15 41 43
16 42 58
16 43 60
16 44 4
16 45 57
16 46 95
16 47 11
16 48 69
16 49 4
16 0 20
16 1 27
16 2 1
16 3 57
17 4 50
17 5 82
17 6 34
17 7 21
17 8 68
17 9 24
17 10 78
17 11 6
17 12 62
17 13 72
17 14 77
17 15 47
18 16 58
18 17 47
18 19 7
18 20 47
18 21 52
18 22 71
18 23 89
18 24 61
18 25 83
18 26 44
18 27 17
19 28 77
19 29 7
19 30 85
19 31 81
19 32 26
19 33 64
19 34 33
19 35 82
19 36 13
19 37 14
19 38 67
19 39 85
20 40 34
20 41 43
20 42 15
20 43 39
20 44 4
20 45 86
20 46 68
20 47 51
20 48 95
20 49 14
20 0 9
20 1 41
21 2 17
21 3 31
21 4 82
21 5 78
21 6 13
21 7 77
21 8 46
21 9 90
21 10 83
21 11 83
21 12 70
21 13 8
22 14 46
22 15 2
22 16 41
22 17 58
22 18 67
22 19 8
22 20 43
22 21 52
22 23 50
22 24 57
22 25 43
23 26 5
23 27 94
23 28 10
23 29 7
23 30 41
23 31 75
23 32 67
23 33 81
23 34 91
23 35 98
23 36 14
23 37 20
24 38 10
24 39 43
24 40 18
24 41 51
24 42 25
24 43 100
24 44 72
24 45 85
24 46 97
24 47 25
24 48 25
24 49 6
25 0 44
25 1 84
25 2 48
25 3 95
25 4 33
25 5 56
25 6 89
25 7 90
25 8 2
25 9 98
25 10 96
25 11 42
26 12 72
26 13 63
26 14 74
26 15 15
26 16 12
26 17 40
26 18 86
26 19 73
26 20 82
26 21 3
26 22 24
26 23 58
27 24 54
27 25 95
27 26 42
27 28 50
27 29 72
27 30 19
27 31 56
27 32 15
27 33 2
27 34 55
27 35 61
28 36 87
28 37 63
28 38 50
28 39 76
28 40 16
28 41 47
28 42 23
28 43 9
28 44 71
28 45 85
28 46 34
28 47 37
29 48 96
29 49 73
29 0 22
29 1 69
29 2 6
29 3 77
29 4 44
29 5 64
29 6 82
29 7 90
29 8 5
29 9 84
30 10 61
30 11 75
30 12 91
30 13 27
30 14 77
30 15 97
30 16 88
30 17 63
30 18 11
30 19 37
30 20 90
30 21 26
31 22 35
31 23 12
31 24 86
31 25 57
31 26 97
31 27 20
31 28 93
31 29 44
31 30 44
31 32 67
31 33 64
32 34 50
32 35 95
32 36 7
32 37 65
32 38 76
32 39 49
32 40 21
32 41 11
32 42 9
32 43 96
32 44 1
32 45 36
33 46 72
33 47 98
33 48 23
33 49 86
33 0 8
33 1 11
33 2 75
33 3 86
33 4 97
33 5 86
33 6 71
33 7 6
34 8 34
34 9 42
34 10 50
34 11 78
34 12 38
34 13 68
34 14 93
34 15 87
34 16 62
34 17 52
34 18 3
34 19 90
35 20 100
35 21 23
35 22 100
35 23 8
35 24 18
35 25 1
35 26 95
35 27 41
35 28 50
35 29 69
35 30 26
35 31 57
36 32 31
36 33 100
36 34 94
36 35 80
36 37 38
36 38 17
36 39 85
36 40 71
36 41 58
36 42 34
36 43 100
37 44 95
37 45 54
37 46 93
37 47 33
37 48 15
37 49 44
37 0 87
37 1 56
37 2 95
37 3 10
37 4 56
37 5 54
38 6 79
38 7 8
38 8 49
38 9 20
38 10 57
38 11 17
38 12 97
38 13 65
38 14 48
38 15 49
38 16 11
38 17 27
39 18 86
39 19 27
39 20 63
39 21 8
39 22 84
39 23 48
39 24 8
39 25 31
39 26 1
39 27 52
39 28 15
39 29 16
40 30 47
40 31 2
40 32 23
40 33 41
40 34 63
40 35 78
40 36 94
40 37 41
40 38 37
40 39 42
40 41 12
41 42 45
41 43 11
41 44 9
41 45 62
41 46 10
41 47 9
41 48 72
41 49 88
41 0 94
41 1 98
41 2 50
41 3 53
42 4 33
42 5 97
42 6 60
42 7 15
42 8 50
42 9 11
42 10 30
42 11 17
42 12 9
42 13 83
42 14 39
42 15 49
43 16 45
43 17 69
43 18 43
43 19 37
43 20 5
43 21 36
43 22 49
43 23 2
43 24 98
43 25 9
43 26 63
43 27 7
44 28 17
44 29 34
44 30 46
44 31 62
44 32 83
44 33 95
44 34 14
44 35 15
44 36 44
44 37 26
44 38 30
44 39 93
45 40 88
45 41 11
45 42 9
45 43 97
45 44 45
45 46 47
45 47 45
45 48 41
45 49 67
45 0 39
45 1 77
46 2 24
46 3 27
46 4 77
46 5 25
46 6 24
46 7 37
46 8 87
46 9 83
46 10 5
46 11 72
46 12 28
46 13 18
47 14 54
47 15 75
47 16 32
47 17 20
47 18 18
47 19 9
47 20 1
47 21 62
47 22 96
47 23 63
47 24 22
47 25 44
48 26 7
48 27 20
48 28 89
48 29 99
48 30 87
48 31 79
48 32 28
48 33 10
48 34 57
48 35 4
48 36 34
48 37 33
49 38 93
49 39 72
49 40 15
49 41 97
49 42 95
49 43 94
49 44 15
49 45 100
49 46 68
49 47 98
49 48 19
36
