75 5550
0 1 91
0 2 44
0 3 31
0 4 85
0 5 11
0 6 88
0 7 69
0 8 3
0 9 64
0 10 48
0 11 99
0 12 50
0 13 5
0 14 13
0 15 97
0 16 42
0 17 14
0 18 58
0 19 50
0 20 95
0 21 37
0 22 57
0 23 80
0 24 24
0 25 8
0 26 35
0 27 53
0 28 71
0 29 1
0 30 14
0 31 96
0 32 43
0 33 9
0 34 78
0 35 27
0 36 19
0 37 65
0 38 95
0 39 21
0 40 80
0 41 95
0 42 71
0 43 82
0 44 51
0 45 83
0 46 78
0 47 92
0 48 96
0 49 36
0 50 94
0 51 42
0 52 24
0 53 2
0 54 22
0 55 100
0 56 9
0 57 8
0 58 52
0 59 32
0 60 8
0 61 65
0 62 27
0 63 3
0 64 73
0 65 4
0 66 81
0 67 43
0 68 21
0 69 28
0 70 15
0 71 52
0 72 22
0 73 86
0 74 33
1 0 72
1 2 68
1 3 11
1 4 16
1 5 16
1 6 98
1 7 61
1 8 57
1 9 21
1 10 62
1 11 30
1 12 20
1 13 70
1 14 90
1 15 71
1 16 53
1 17 49
1 18 87
1 19 79
1 20 51
1 21 11
1 22 35
1 23 32
1 24 5
1 25 7
1 26 59
1 27 20
1 28 58
1 29 32
1 30 57
1 31 91
1 32 55
1 33 76
1 34 53
1 35 22
1 36 91
1 37 2
1 38 82
1 39 100
1 40 22
1 41 43
1 42 81
1 43 94
1 44 65
1 45 70
1 46 16
1 47 17
1 48 19
1 49 3
1 50 48
1 51 21
1 52 65
1 53 82
1 54 4
1 55 70
1 56 40
1 57 62
1 58 41
1 59 97
1 60 45
1 61 97
1 62 39
1 63 52
1 64 72
1 65 43
1 66 25
1 67 15
1 68 44
1 69 7
1 70 66
1 71 18
1 72 1
1 73 46
1 74 63
2 0 17
2 1 68
2 3 78
2 4 86
2 5 38
2 6 32
2 7 33
2 8 58
2 9 97
2 10 66
2 11 14
2 12 18
2 13 5
2 14 75
2 15 58
2 16 53
2 17 72
2 18 6
2 19 92
2 20 75
2 21 77
2 22 86
2 23 99
2 24 91
2 25 82
2 26 57
2 27 56
2 28 99
2 29 58
2 30 54
2 31 61
2 32 26
2 33 21
2 34 90
2 35 11
2 36 10
2 37 22
2 38 95
2 39 19
2 40 70
2 41 60
2 42 32
2 43 87
2 44 16
2 45 59
2 46 96
2 47 69
2 48 30
2 49 1
2 50 12
2 51 4
2 52 29
2 53 97
2 54 54
2 55 20
2 56 78
2 57 11
2 58 27
2 59 28
2 60 20
2 61 80
2 62 40
2 63 45
2 64 52
2 65 30
2 66 56
2 67 61
2 68 3
2 69 50
2 70 80
2 71 72
2 72 62
2 73 11
2 74 10
3 0 77
3 1 69
3 2 57
3 4 97
3 5 50
3 6 57
3 7 8
3 8 5
3 9 85
3 10 57
3 11 59
3 12 56
3 13 34
3 14 21
3 15 35
3 16 14
3 17 40
3 18 66
3 19 53
3 20 84
3 21 18
3 22 34
3 23 91
3 24 30
3 25 36
3 26 41
3 27 61
3 28 7
3 29 54
3 30 72
3 31 68
3 32 30
3 33 92
3 34 24
3 35 27
3 36 94
3 37 32
3 38 86
3 39 50
3 40 69
3 41 42
3 42 60
3 43 76
3 44 28
3 45 80
3 46 10
3 47 41
3 48 19
3 49 76
3 50 45
3 51 55
3 52 45
3 53 79
3 54 45
3 55 74
3 56 14
3 57 37
3 58 35
3 59 73
3 60 90
3 61 58
3 62 40
3 63 72
3 64 1
3 65 16
3 66 50
3 67 94
3 68 99
3 69 35
3 70 96
3 71 19
3 72 77
3 73 55
3 74 95
4 0 56
4 1 35
4 2 56
4 3 48
4 5 5
4 6 31
4 7 92
4 8 59
4 9 27
4 10 70
4 11 56
4 12 1
4 13 36
4 14 92
4 15 87
4 16 8
4 17 34
4 18 44
4 19 99
4 20 5
4 21 44
4 22 66
4 23 54
4 24 90
4 25 65
4 26 88
4 27 37
4 28 83
4 29 16
4 30 91
4 31 77
4 32 71
4 33 77
4 34 85
4 35 18
4 36 34
4 37 15
4 38 62
4 39 44
4 40 94
4 41 31
4 42 99
4 43 94
4 44 66
4 45 91
4 46 80
4 47 25
4 48 76
4 49 75
4 50 24
4 51 80
4 52 70
4 53 89
4 54 33
4 55 11
4 56 53
4 57 72
4 58 47
4 59 88
4 60 40
4 61 38
4 62 16
4 63 10
4 64 66
4 65 100
4 66 80
4 67 99
4 68 67
4 69 93
4 70 43
4 71 60
4 72 23
4 73 41
4 74 53
5 0 41
5 1 83
5 2 84
5 3 65
5 4 58
5 6 58
5 7 40
5 8 89
5 9 79
5 10 29
5 11 21
5 12 90
5 13 33
5 14 45
5 15 36
5 16 20
5 17 84
5 18 73
5 19 88
5 20 45
5 21 91
5 22 87
5 23 76
5 24 89
5 25 53
5 26 68
5 27 83
5 28 12
5 29 91
5 30 76
5 31 16
5 32 83
5 33 10
5 34 51
5 35 99
5 36 68
5 37 8
5 38 39
5 39 8
5 40 87
5 41 19
5 42 29
5 43 76
5 44 51
5 45 25
5 46 63
5 47 23
5 48 8
5 49 88
5 50 10
5 51 52
5 52 78
5 53 48
5 54 80
5 55 18
5 56 1
5 57 47
5 58 1
5 59 64
5 60 89
5 61 76
5 62 80
5 63 71
5 64 85
5 65 30
5 66 70
5 67 4
5 68 90
5 69 8
5 70 12
5 71 28
5 72 78
5 73 92
5 74 55
6 0 28
6 1 68
6 2 17
6 3 2
6 4 75
6 5 56
6 7 63
6 8 78
6 9 33
6 10 11
6 11 57
6 12 51
6 13 63
6 14 56
6 15 3
6 16 26
6 17 44
6 18 30
6 19 57
6 20 15
6 21 66
6 22 39
6 23 84
6 24 22
6 25 80
6 26 43
6 27 33
6 28 59
6 29 20
6 30 76
6 31 65
6 32 99
6 33 43
6 34 81
6 35 53
6 36 69
6 37 89
6 38 15
6 39 98
6 40 21
6 41 77
6 42 7
6 43 23
6 44 39
6 45 62
6 46 25
6 47 17
6 48 5
6 49 54
6 50 25
6 51 19
6 52 72
6 53 63
6 54 54
6 55 93
6 56 94
6 57 48
6 58 77
6 59 52
6 60 19
6 61 52
6 62 16
6 63 70
6 64 46
6 65 49
6 66 22
6 67 66
6 68 37
6 69 88
6 70 15
6 71 57
6 72 65
6 73 21
6 74 32
7 0 55
7 1 34
7 2 56
7 3 71
7 4 39
7 5 62
7 6 48
7 8 9
7 9 33
7 10 10
7 11 15
7 12 77
7 13 4
7 14 14
7 15 53
7 16 7
7 17 33
7 18 56
7 19 23
7 20 54
7 21 53
7 22 71
7 23 75
7 24 70
7 25 59
7 26 14
7 27 84
7 28 15
7 29 78
7 30 57
7 31 98
7 32 85
7 33 90
7 34 54
7 35 7
7 36 28
7 37 67
7 38 54
7 39 89
7 40 51
7 41 16
7 42 3
7 43 27
7 44 19
7 45 16
7 46 31
7 47 77
7 48 100
7 49 86
7 50 99
7 51 53
7 52 38
7 53 21
7 54 79
7 55 7
7 56 79
7 57 93
7 58 42
7 59 46
7 60 22
7 61 98
7 62 43
7 63 6
7 64 88
7 65 48
7 66 13
7 67 67
7 68 14
7 69 18
7 70 55
7 71 16
7 72 33
7 73 9
7 74 94
8 0 3
8 1 77
8 2 24
8 3 80
8 4 76
8 5 9
8 6 78
8 7 81
8 9 98
8 10 51
8 11 59
8 12 56
8 13 29
8 14 3
8 15 50
8 16 74
8 17 25
8 18 47
8 19 69
8 20 82
8 21 86
8 22 16
8 23 46
8 24 5
8 25 82
8 26 64
8 27 11
8 28 49
8 29 96
8 30 20
8 31 43
8 32 51
8 33 48
8 34 66
8 35 30
8 36 75
8 37 27
8 38 59
8 39 55
8 40 76
8 41 9
8 42 66
8 43 84
8 44 90
8 45 68
8 46 33
8 47 63
8 48 44
8 49 79
8 50 83
8 51 26
8 52 17
8 53 99
8 54 71
8 55 21
8 56 32
8 57 86
8 58 31
8 59 80
8 60 82
8 61 2
8 62 22
8 63 84
8 64 49
8 65 40
8 66 13
8 67 24
8 68 18
8 69 71
8 70 30
8 71 93
8 72 32
8 73 95
8 74 76
9 0 21
9 1 15
9 2 60
9 3 35
9 4 10
9 5 39
9 6 18
9 7 35
9 8 7
9 10 68
9 11 58
9 12 27
9 13 99
9 14 43
9 15 9
9 16 78
9 17 76
9 18 63
9 19 52
9 20 59
9 21 11
9 22 91
9 23 71
9 24 86
9 25 8
9 26 94
9 27 68
9 28 52
9 29 77
9 30 14
9 31 80
9 32 97
9 33 28
9 34 39
9 35 31
9 36 38
9 37 29
9 38 100
9 39 24
9 40 35
9 41 67
9 42 81
9 43 13
9 44 65
9 45 24
9 46 74
9 47 95
9 48 51
9 49 36
9 50 46
9 51 10
9 52 46
9 53 88
9 54 32
9 55 84
9 56 47
9 57 25
9 58 51
9 59 50
9 60 1
9 61 64
9 62 29
9 63 49
9 64 44
9 65 20
9 66 80
9 67 33
9 68 48
9 69 31
9 70 56
9 71 35
9 72 98
9 73 89
9 74 99
10 0 14
10 1 64
10 2 72
10 3 8
10 4 14
10 5 7
10 6 5
10 7 23
10 8 5
10 9 44
10 11 55
10 12 88
10 13 42
10 14 31
10 15 90
10 16 92
10 17 84
10 18 5
10 19 72
10 20 32
10 21 100
10 22 43
10 23 63
10 24 32
10 25 91
10 26 94
10 27 40
10 28 77
10 29 91
10 30 28
10 31 75
10 32 4
10 33 91
10 34 47
10 35 64
10 36 4
10 37 53
10 38 20
10 39 79
10 40 9
10 41 64
10 42 85
10 43 96
10 44 57
10 45 15
10 46 37
10 47 100
10 48 98
10 49 94
10 50 72
10 51 82
10 52 93
10 53 14
10 54 44
10 55 25
10 56 56
10 57 37
10 58 64
10 59 84
10 60 79
10 61 43
10 62 59
10 63 35
10 64 85
10 65 57
10 66 50
10 67 88
10 68 61
10 69 69
10 70 18
10 71 70
10 72 84
10 73 2
10 74 17
11 0 93
11 1 17
11 2 54
11 3 92
11 4 66
11 5 47
11 6 63
11 7 47
11 8 39
11 9 29
11 10 43
11 12 15
11 13 36
11 14 79
11 15 30
11 16 20
11 17 10
11 18 72
11 19 30
11 20 44
11 21 56
11 22 86
11 23 45
11 24 96
11 25 46
11 26 13
11 27 13
11 28 67
11 29 49
11 30 67
11 31 84
11 32 41
11 33 35
11 34 37
11 35 32
11 36 100
11 37 35
11 38 47
11 39 99
11 40 73
11 41 75
11 42 41
11 43 40
11 44 62
11 45 19
11 46 69
11 47 81
11 48 80
11 49 93
11 50 10
11 51 75
11 52 100
11 53 47
11 54 19
11 55 95
11 56 45
11 57 84
11 58 60
11 59 11
11 60 32
11 61 78
11 62 94
11 63 24
11 64 12
11 65 82
11 66 7
11 67 11
11 68 16
11 69 53
11 70 9
11 71 41
11 72 79
11 73 49
11 74 80
12 0 41
12 1 20
12 2 100
12 3 73
12 4 51
12 5 92
12 6 83
12 7 26
12 8 44
12 9 81
12 10 44
12 11 90
12 13 25
12 14 79
12 15 49
12 16 36
12 17 62
12 18 78
12 19 81
12 20 85
12 21 89
12 22 63
12 23 92
12 24 100
12 25 78
12 26 96
12 27 60
12 28 18
12 29 75
12 30 61
12 31 49
12 32 67
12 33 32
12 34 49
12 35 39
12 36 82
12 37 92
12 38 73
12 39 7
12 40 35
12 41 54
12 42 3
12 43 25
12 44 30
12 45 81
12 46 25
12 47 65
12 48 43
12 49 55
12 50 98
12 51 79
12 52 43
12 53 60
12 54 70
12 55 94
12 56 37
12 57 18
12 58 54
12 59 7
12 60 92
12 61 66
12 62 55
12 63 58
12 64 97
12 65 55
12 66 48
12 67 78
12 68 99
12 69 21
12 70 85
12 71 85
12 72 26
12 73 87
12 74 61
13 0 55
13 1 19
13 2 38
13 3 72
13 4 61
13 5 92
13 6 69
13 7 92
13 8 34
13 9 28
13 10 61
13 11 28
13 12 16
13 14 78
13 15 33
13 16 22
13 17 21
13 18 98
13 19 29
13 20 30
13 21 46
13 22 83
13 23 78
13 24 23
13 25 33
13 26 50
13 27 7
13 28 18
13 29 75
13 30 45
13 31 78
13 32 29
13 33 16
13 34 15
13 35 52
13 36 28
13 37 6
13 38 20
13 39 19
13 40 92
13 41 47
13 42 32
13 43 71
13 44 63
13 45 9
13 46 3
13 47 36
13 48 82
13 49 52
13 50 64
13 51 11
13 52 97
13 53 99
13 54 40
13 55 19
13 56 31
13 57 89
13 58 78
13 59 100
13 60 15
13 61 74
13 62 78
13 63 96
13 64 89
13 65 44
13 66 47
13 67 69
13 68 2
13 69 67
13 70 87
13 71 93
13 72 65
13 73 18
13 74 15
14 0 79
14 1 79
14 2 17
14 3 15
14 4 60
14 5 20
14 6 30
14 7 22
14 8 68
14 9 28
14 10 14
14 11 38
14 12 11
14 13 54
14 15 15
14 16 10
14 17 69
14 18 41
14 19 39
14 20 64
14 21 81
14 22 35
14 23 10
14 24 49
14 25 36
14 26 76
14 27 36
14 28 80
14 29 93
14 30 53
14 31 46
14 32 71
14 33 83
14 34 62
14 35 85
14 36 42
14 37 33
14 38 67
14 39 16
14 40 100
14 41 94
14 42 29
14 43 37
14 44 56
14 45 82
14 46 4
14 47 18
14 48 50
14 49 96
14 50 56
14 51 65
14 52 28
14 53 42
14 54 75
14 55 77
14 56 29
14 57 2
14 58 64
14 59 8
14 60 94
14 61 68
14 62 5
14 63 17
14 64 51
14 65 66
14 66 53
14 67 44
14 68 50
14 69 19
14 70 59
14 71 49
14 72 65
14 73 39
14 74 38
15 0 20
15 1 21
15 2 93
15 3 37
15 4 22
15 5 88
15 6 45
15 7 87
15 8 15
15 9 86
15 10 13
15 11 43
15 12 15
15 13 66
15 14 6
15 16 74
15 17 12
15 18 26
15 19 79
15 20 28
15 21 76
15 22 96
15 23 80
15 24 71
15 25 98
15 26 99
15 27 30
15 28 46
15 29 15
15 30 68
15 31 35
15 32 34
15 33 40
15 34 27
15 35 23
15 36 14
15 37 66
15 38 67
15 39 52
15 40 33
15 41 4
15 42 16
15 43 75
15 44 18
15 45 81
15 46 33
15 47 44
15 48 92
15 49 58
15 50 74
15 51 19
15 52 85
15 53 69
15 54 99
15 55 55
15 56 66
15 57 49
15 58 36
15 59 64
15 60 63
15 61 56
15 62 50
15 63 48
15 64 95
15 65 29
15 66 70
15 67 60
15 68 94
15 69 88
15 70 11
15 71 26
15 72 44
15 73 26
15 74 53
16 0 13
16 1 7
16 2 85
16 3 56
16 4 50
16 5 42
16 6 29
16 7 69
16 8 26
16 9 50
16 10 19
16 11 32
16 12 67
16 13 19
16 14 68
16 15 82
16 17 33
16 18 23
16 19 32
16 20 80
16 21 69
16 22 60
16 23 2
16 24 29
16 25 5
16 26 41
16 27 91
16 28 83
16 29 84
16 30 69
16 31 35
16 32 97
16 33 75
16 34 19
16 35 4
16 36 76
16 37 12
16 38 85
16 39 44
16 40 89
16 41 86
16 42 14
16 43 20
16 44 52
16 45 32
16 46 39
16 47 34
16 48 64
16 49 61
16 50 17
16 51 96
16 52 30
16 53 28
16 54 49
16 55 10
16 56 32
16 57 89
16 58 100
16 59 66
16 60 25
16 61 68
16 62 100
16 63 73
16 64 94
16 65 70
16 66 28
16 67 70
16 68 81
16 69 12
16 70 65
16 71 69
16 72 49
16 73 79
16 74 41
17 0 53
17 1 62
17 2 79
17 3 38
17 4 78
17 5 40
17 6 54
17 7 73
17 8 21
17 9 81
17 10 21
17 11 82
17 12 64
17 13 61
17 14 81
17 15 30
17 16 37
17 18 1
17 19 81
17 20 9
17 21 94
17 22 51
17 23 89
17 24 15
17 25 83
17 26 52
17 27 32
17 28 52
17 29 1
17 30 10
17 31 44
17 32 53
17 33 23
17 34 22
17 35 90
17 36 100
17 37 13
17 38 95
17 39 72
17 40 85
17 41 27
17 42 44
17 43 66
17 44 42
17 45 57
17 46 99
17 47 23
17 48 93
17 49 99
17 50 4
17 51 54
17 52 44
17 53 6
17 54 94
17 55 59
17 56 88
17 57 45
17 58 42
17 59 91
17 60 97
17 61 51
17 62 34
17 63 49
17 64 73
17 65 8
17 66 90
17 67 25
17 68 72
17 69 84
17 70 48
17 71 9
17 72 62
17 73 92
17 74 74
18 0 4
18 1 100
18 2 72
18 3 26
18 4 44
18 5 22
18 6 29
18 7 97
18 8 66
18 9 86
18 10 42
18 11 76
18 12 74
18 13 87
18 14 17
18 15 64
18 16 83
18 17 19
18 19 50
18 20 84
18 21 43
18 22 9
18 23 25
18 24 67
18 25 80
18 26 61
18 27 15
18 28 88
18 29 22
18 30 58
18 31 14
18 32 25
18 33 57
18 34 37
18 35 3
18 36 100
18 37 59
18 38 83
18 39 49
18 40 76
18 41 69
18 42 42
18 43 3
18 44 42
18 45 28
18 46 19
18 47 57
18 48 63
18 49 89
18 50 6
18 51 98
18 52 31
18 53 66
18 54 22
18 55 50
18 56 46
18 57 82
18 58 64
18 59 85
18 60 4
18 61 73
18 62 50
18 63 80
18 64 81
18 65 87
18 66 82
18 67 32
18 68 97
18 69 65
18 70 80
18 71 72
18 72 33
18 73 22
18 74 74
19 0 26
19 1 1
19 2 44
19 3 82
19 4 63
19 5 32
19 6 40
19 7 12
19 8 14
19 9 5
19 10 34
19 11 63
19 12 2
19 13 15
19 14 78
19 15 87
19 16 70
19 17 50
19 18 88
19 20 50
19 21 30
19 22 74
19 23 31
19 24 62
19 25 70
19 26 47
19 27 93
19 28 93
19 29 79
19 30 66
19 31 18
19 32 56
19 33 67
19 34 61
19 35 38
19 36 81
19 37 44
19 38 29
19 39 93
19 40 58
19 41 85
19 42 78
19 43 20
19 44 87
19 45 92
19 46 98
19 47 25
19 48 62
19 49 99
19 50 12
19 51 63
19 52 29
19 53 38
19 54 93
19 55 42
19 56 59
19 57 92
19 58 34
19 59 52
19 60 70
19 61 100
19 62 21
19 63 78
19 64 18
19 65 82
19 66 15
19 67 50
19 68 77
19 69 95
19 70 94
19 71 34
19 72 79
19 73 71
19 74 6
20 0 65
20 1 15
20 2 55
20 3 41
20 4 76
20 5 53
20 6 53
20 7 90
20 8 33
20 9 42
20 10 34
20 11 74
20 12 100
20 13 25
20 14 60
20 15 3
20 16 47
20 17 59
20 18 24
20 19 24
20 21 28
20 22 57
20 23 38
20 24 29
20 25 33
20 26 84
20 27 23
20 28 19
20 29 62
20 30 93
20 31 76
20 32 79
20 33 7
20 34 30
20 35 19
20 36 34
20 37 34
20 38 23
20 39 75
20 40 67
20 41 16
20 42 9
20 43 92
20 44 16
20 45 33
20 46 51
20 47 18
20 48 79
20 49 61
20 50 93
20 51 2
20 52 88
20 53 49
20 54 91
20 55 17
20 56 34
20 57 26
20 58 91
20 59 4
20 60 88
20 61 35
20 62 79
20 63 18
20 64 94
20 65 60
20 66 88
20 67 27
20 68 93
20 69 63
20 70 54
20 71 11
20 72 78
20 73 62
20 74 3
21 0 45
21 1 94
21 2 53
21 3 15
21 4 25
21 5 14
21 6 7
21 7 78
21 8 53
21 9 8
21 10 21
21 11 21
21 12 41
21 13 46
21 14 11
21 15 96
21 16 85
21 17 46
21 18 74
21 19 2
21 20 39
21 22 33
21 23 90
21 24 17
21 25 25
21 26 4
21 27 70
21 28 36
21 29 81
21 30 83
21 31 90
21 32 78
21 33 29
21 34 94
21 35 92
21 36 53
21 37 7
21 38 50
21 39 82
21 40 12
21 41 57
21 42 2
21 43 84
21 44 49
21 45 48
21 46 47
21 47 44
21 48 32
21 49 92
21 50 17
21 51 86
21 52 82
21 53 1
21 54 27
21 55 50
21 56 78
21 57 30
21 58 72
21 59 65
21 60 62
21 61 54
21 62 54
21 63 39
21 64 82
21 65 47
21 66 82
21 67 86
21 68 6
21 69 32
21 70 68
21 71 69
21 72 88
21 73 21
21 74 52
22 0 37
22 1 68
22 2 98
22 3 32
22 4 52
22 5 41
22 6 1
22 7 37
22 8 74
22 9 1
22 10 15
22 11 24
22 12 30
22 13 44
22 14 47
22 15 94
22 16 57
22 17 100
22 18 99
22 19 96
22 20 34
22 21 46
22 23 77
22 24 71
22 25 3
22 26 8
22 27 90
22 28 71
22 29 48
22 30 11
22 31 74
22 32 84
22 33 30
22 34 24
22 35 67
22 36 33
22 37 64
22 38 67
22 39 69
22 40 90
22 41 20
22 42 35
22 43 65
22 44 49
22 45 78
22 46 11
22 47 43
22 48 35
22 49 10
22 50 41
22 51 82
22 52 95
22 53 38
22 54 10
22 55 66
22 56 40
22 57 18
22 58 55
22 59 62
22 60 65
22 61 17
22 62 36
22 63 100
22 64 47
22 65 11
22 66 66
22 67 79
22 68 74
22 69 85
22 70 100
22 71 15
22 72 4
22 73 34
22 74 79
23 0 52
23 1 64
23 2 89
23 3 46
23 4 50
23 5 51
23 6 39
23 7 31
23 8 45
23 9 28
23 10 40
23 11 62
23 12 68
23 13 9
23 14 69
23 15 81
23 16 73
23 17 85
23 18 68
23 19 24
23 20 83
23 21 78
23 22 42
23 24 62
23 25 4
23 26 26
23 27 13
23 28 18
23 29 81
23 30 46
23 31 97
23 32 84
23 33 61
23 34 37
23 35 30
23 36 10
23 37 87
23 38 20
23 39 40
23 40 32
23 41 47
23 42 80
23 43 45
23 44 66
23 45 40
23 46 13
23 47 47
23 48 13
23 49 98
23 50 66
23 51 88
23 52 80
23 53 44
23 54 29
23 55 93
23 56 99
23 57 6
23 58 5
23 59 16
23 60 86
23 61 3
23 62 64
23 63 70
23 64 15
23 65 1
23 66 51
23 67 25
23 68 87
23 69 22
23 70 64
23 71 70
23 72 68
23 73 95
23 74 15
24 0 34
24 1 35
24 2 27
24 3 32
24 4 99
24 5 76
24 6 97
24 7 38
24 8 8
24 9 92
24 10 19
24 11 52
24 12 90
24 13 24
24 14 9
24 15 58
24 16 62
24 17 63
24 18 21
24 19 83
24 20 77
24 21 21
24 22 85
24 23 1
24 25 60
24 26 6
24 27 17
24 28 81
24 29 73
24 30 63
24 31 95
24 32 58
24 33 49
24 34 74
24 35 41
24 36 47
24 37 1
24 38 90
24 39 37
24 40 60
24 41 81
24 42 55
24 43 12
24 44 23
24 45 78
24 46 20
24 47 80
24 48 91
24 49 82
24 50 52
24 51 73
24 52 10
24 53 73
24 54 57
24 55 11
24 56 84
24 57 62
24 58 27
24 59 64
24 60 87
24 61 89
24 62 11
24 63 96
24 64 38
24 65 36
24 66 89
24 67 36
24 68 36
24 69 78
24 70 72
24 71 96
24 72 10
24 73 78
24 74 59
25 0 32
25 1 56
25 2 30
25 3 63
25 4 46
25 5 63
25 6 15
25 7 71
25 8 72
25 9 39
25 10 27
25 11 82
25 12 74
25 13 41
25 14 60
25 15 37
25 16 79
25 17 1
25 18 99
25 19 26
25 20 90
25 21 34
25 22 14
25 23 77
25 24 70
25 26 43
25 27 49
25 28 17
25 29 53
25 30 26
25 31 27
25 32 36
25 33 33
25 34 56
25 35 99
25 36 31
25 37 18
25 38 65
25 39 1
25 40 89
25 41 3
25 42 79
25 43 23
25 44 76
25 45 19
25 46 34
25 47 64
25 48 49
25 49 34
25 50 63
25 51 75
25 52 23
25 53 96
25 54 88
25 55 100
25 56 17
25 57 31
25 58 100
25 59 33
25 60 35
25 61 77
25 62 11
25 63 70
25 64 62
25 65 66
25 66 20
25 67 92
25 68 83
25 69 36
25 70 44
25 71 24
25 72 90
25 73 22
25 74 98
26 0 17
26 1 93
26 2 31
26 3 81
26 4 93
26 5 17
26 6 95
26 7 67
26 8 39
26 9 90
26 10 7
26 11 90
26 12 7
26 13 37
26 14 41
26 15 91
26 16 23
26 17 70
26 18 2
26 19 44
26 20 31
26 21 19
26 22 16
26 23 74
26 24 54
26 25 51
26 27 69
26 28 29
26 29 41
26 30 42
26 31 26
26 32 57
26 33 34
26 34 8
26 35 89
26 36 79
26 37 24
26 38 83
26 39 45
26 40 15
26 41 73
26 42 51
26 43 56
26 44 31
26 45 39
26 46 97
26 47 73
26 48 13
26 49 18
26 50 26
26 51 57
26 52 100
26 53 97
26 54 72
26 55 25
26 56 50
26 57 74
26 58 93
26 59 78
26 60 66
26 61 34
26 62 55
26 63 23
26 64 20
26 65 62
26 66 63
26 67 98
26 68 38
26 69 46
26 70 94
26 71 52
26 72 70
26 73 45
26 74 7
27 0 52
27 1 35
27 2 55
27 3 76
27 4 48
27 5 24
27 6 54
27 7 4
27 8 23
27 9 50
27 10 27
27 11 47
27 12 99
27 13 52
27 14 39
27 15 28
27 16 18
27 17 25
27 18 82
27 19 92
27 20 44
27 21 95
27 22 54
27 23 93
27 24 32
27 25 99
27 26 86
27 28 35
27 29 20
27 30 82
27 31 42
27 32 71
27 33 17
27 34 48
27 35 47
27 36 16
27 37 72
27 38 52
27 39 71
27 40 46
27 41 1
27 42 49
27 43 93
27 44 99
27 45 100
27 46 83
27 47 78
27 48 17
27 49 59
27 50 59
27 51 8
27 52 2
27 53 5
27 54 62
27 55 46
27 56 37
27 57 12
27 58 32
27 59 71
27 60 32
27 61 65
27 62 64
27 63 54
27 64 33
27 65 64
27 66 52
27 67 48
27 68 87
27 69 3
27 70 70
27 71 32
27 72 3
27 73 18
27 74 76
28 0 53
28 1 18
28 2 11
28 3 30
28 4 34
28 5 69
28 6 40
28 7 42
28 8 23
28 9 45
28 10 55
28 11 68
28 12 33
28 13 66
28 14 51
28 15 3
28 16 49
28 17 68
28 18 67
28 19 55
28 20 100
28 21 82
28 22 6
28 23 48
28 24 68
28 25 9
28 26 17
28 27 99
28 29 63
28 30 87
28 31 27
28 32 68
28 33 4
28 34 37
28 35 97
28 36 37
28 37 5
28 38 89
28 39 30
28 40 27
28 41 33
28 42 36
28 43 47
28 44 17
28 45 2
28 46 49
28 47 19
28 48 2
28 49 16
28 50 37
28 51 56
28 52 16
28 53 18
28 54 14
28 55 15
28 56 85
28 57 74
28 58 83
28 59 36
28 60 36
28 61 69
28 62 62
28 63 3
28 64 72
28 65 98
28 66 52
28 67 61
28 68 54
28 69 92
28 70 42
28 71 33
28 72 76
28 73 78
28 74 79
29 0 92
29 1 31
29 2 79
29 3 10
29 4 32
29 5 95
29 6 99
29 7 40
29 8 10
29 9 68
29 10 53
29 11 76
29 12 5
29 13 26
29 14 58
29 15 40
29 16 13
29 17 79
29 18 53
29 19 16
29 20 2
29 21 2
29 22 19
29 23 62
29 24 55
29 25 10
29 26 56
29 27 87
29 28 85
29 30 33
29 31 17
29 32 28
29 33 63
29 34 96
29 35 37
29 36 46
29 37 90
29 38 87
29 39 85
29 40 51
29 41 55
29 42 89
29 43 78
29 44 59
29 45 14
29 46 35
29 47 50
29 48 27
29 49 13
29 50 2
29 51 94
29 52 15
29 53 3
29 54 64
29 55 28
29 56 9
29 57 25
29 58 83
29 59 96
29 60 9
29 61 67
29 62 64
29 63 36
29 64 29
29 65 59
29 66 24
29 67 27
29 68 100
29 69 63
29 70 11
29 71 2
29 72 17
29 73 100
29 74 79
30 0 27
30 1 65
30 2 66
30 3 76
30 4 91
30 5 30
30 6 29
30 7 36
30 8 96
30 9 31
30 10 99
30 11 24
30 12 39
30 13 23
30 14 58
30 15 86
30 16 83
30 17 25
30 18 50
30 19 70
30 20 5
30 21 60
30 22 46
30 23 31
30 24 12
30 25 8
30 26 94
30 27 65
30 28 76
30 29 45
30 31 44
30 32 2
30 33 9
30 34 9
30 35 29
30 36 52
30 37 38
30 38 57
30 39 87
30 40 86
30 41 39
30 42 38
30 43 9
30 44 29
30 45 12
30 46 18
30 47 15
30 48 47
30 49 94
30 50 16
30 51 68
30 52 51
30 53 27
30 54 13
30 55 81
30 56 38
30 57 20
30 58 26
30 59 55
30 60 47
30 61 70
30 62 98
30 63 48
30 64 31
30 65 58
30 66 76
30 67 82
30 68 47
30 69 84
30 70 20
30 71 32
30 72 22
30 73 9
30 74 92
31 0 51
31 1 21
31 2 62
31 3 65
31 4 19
31 5 55
31 6 32
31 7 86
31 8 5
31 9 58
31 10 99
31 11 38
31 12 48
31 13 70
31 14 63
31 15 2
31 16 17
31 17 85
31 18 51
31 19 16
31 20 15
31 21 8
31 22 92
31 23 96
31 24 6
31 25 75
31 26 67
31 27 38
31 28 49
31 29 76
31 30 81
31 32 99
31 33 48
31 34 42
31 35 15
31 36 66
31 37 97
31 38 46
31 39 51
31 40 53
31 41 55
31 42 49
31 43 90
31 44 54
31 45 71
31 46 5
31 47 7
31 48 87
31 49 89
31 50 57
31 51 2
31 52 55
31 53 16
31 54 45
31 55 2
31 56 22
31 57 72
31 58 68
31 59 11
31 60 20
31 61 43
31 62 91
31 63 70
31 64 90
31 65 33
31 66 84
31 67 55
31 68 81
31 69 81
31 70 58
31 71 33
31 72 87
31 73 58
31 74 75
32 0 93
32 1 28
32 2 31
32 3 99
32 4 66
32 5 19
32 6 8
32 7 68
32 8 25
32 9 75
32 10 64
32 11 26
32 12 48
32 13 87
32 14 93
32 15 58
32 16 6
32 17 88
32 18 1
32 19 27
32 20 29
32 21 85
32 22 10
32 23 36
32 24 65
32 25 42
32 26 93
32 27 49
32 28 81
32 29 50
32 30 75
32 31 73
32 33 78
32 34 5
32 35 23
32 36 43
32 37 75
32 38 30
32 39 62
32 40 99
32 41 5
32 42 78
32 43 24
32 44 52
32 45 64
32 46 69
32 47 62
32 48 22
32 49 8
32 50 14
32 51 48
32 52 36
32 53 98
32 54 10
32 55 71
32 56 14
32 57 51
32 58 63
32 59 62
32 60 83
32 61 65
32 62 37
32 63 55
32 64 94
32 65 93
32 66 30
32 67 88
32 68 68
32 69 59
32 70 50
32 71 66
32 72 15
32 73 79
32 74 42
33 0 19
33 1 42
33 2 10
33 3 80
33 4 63
33 5 69
33 6 93
33 7 11
33 8 4
33 9 42
33 10 20
33 11 27
33 12 55
33 13 22
33 14 41
33 15 68
33 16 57
33 17 5
33 18 56
33 19 63
33 20 98
33 21 49
33 22 92
33 23 86
33 24 16
33 25 51
33 26 87
33 27 33
33 28 17
33 29 65
33 30 74
33 31 35
33 32 58
33 34 35
33 35 14
33 36 21
33 37 3
33 38 58
33 39 83
33 40 59
33 41 51
33 42 54
33 43 85
33 44 5
33 45 75
33 46 25
33 47 25
33 48 31
33 49 82
33 50 32
33 51 46
33 52 31
33 53 32
33 54 37
33 55 68
33 56 47
33 57 39
33 58 54
33 59 32
33 60 56
33 61 70
33 62 5
33 63 90
33 64 28
33 65 40
33 66 56
33 67 100
33 68 94
33 69 65
33 70 82
33 71 52
33 72 16
33 73 35
33 74 88
34 0 72
34 1 61
34 2 65
34 3 48
34 4 44
34 5 46
34 6 80
34 7 89
34 8 76
34 9 11
34 10 25
34 11 44
34 12 10
34 13 16
34 14 49
34 15 41
34 16 71
34 17 71
34 18 45
34 19 12
34 20 50
34 21 36
34 22 19
34 23 49
34 24 82
34 25 84
34 26 82
34 27 33
34 28 51
34 29 16
34 30 73
34 31 22
34 32 28
34 33 37
34 35 22
34 36 71
34 37 82
34 38 1
34 39 11
34 40 9
34 41 11
34 42 88
34 43 4
34 44 20
34 45 3
34 46 5
34 47 60
34 48 25
34 49 75
34 50 57
34 51 36
34 52 24
34 53 44
34 54 7
34 55 24
34 56 25
34 57 42
34 58 5
34 59 10
34 60 92
34 61 72
34 62 82
34 63 65
34 64 99
34 65 18
34 66 86
34 67 22
34 68 99
34 69 38
34 70 32
34 71 59
34 72 49
34 73 71
34 74 63
35 0 20
35 1 73
35 2 67
35 3 32
35 4 97
35 5 93
35 6 40
35 7 85
35 8 68
35 9 83
35 10 43
35 11 91
35 12 8
35 13 84
35 14 47
35 15 17
35 16 27
35 17 70
35 18 98
35 19 91
35 20 20
35 21 67
35 22 29
35 23 41
35 24 65
35 25 66
35 26 25
35 27 75
35 28 66
35 29 95
35 30 37
35 31 38
35 32 20
35 33 55
35 34 69
35 36 68
35 37 47
35 38 8
35 39 4
35 40 14
35 41 42
35 42 46
35 43 56
35 44 49
35 45 29
35 46 2
35 47 17
35 48 7
35 49 23
35 50 66
35 51 50
35 52 43
35 53 32
35 54 78
35 55 83
35 56 48
35 57 95
35 58 59
35 59 23
35 60 13
35 61 54
35 62 11
35 63 50
35 64 25
35 65 66
35 66 70
35 67 92
35 68 12
35 69 77
35 70 96
35 71 78
35 72 18
35 73 41
35 74 33
36 0 19
36 1 22
36 2 87
36 3 87
36 4 80
36 5 9
36 6 53
36 7 29
36 8 51
36 9 84
36 10 6
36 11 86
36 12 84
36 13 53
36 14 44
36 15 6
36 16 65
36 17 49
36 18 16
36 19 66
36 20 73
36 21 81
36 22 35
36 23 65
36 24 45
36 25 63
36 26 12
36 27 74
36 28 32
36 29 4
36 30 58
36 31 50
36 32 77
36 33 96
36 34 37
36 35 57
36 37 5
36 38 41
36 39 85
36 40 7
36 41 76
36 42 43
36 43 44
36 44 59
36 45 95
36 46 40
36 47 16
36 48 11
36 49 88
36 50 32
36 51 28
36 52 13
36 53 64
36 54 62
36 55 77
36 56 60
36 57 24
36 58 40
36 59 33
36 60 55
36 61 43
36 62 91
36 63 57
36 64 20
36 65 86
36 66 45
36 67 76
36 68 42
36 69 85
36 70 60
36 71 1
36 72 60
36 73 2
36 74 44
37 0 71
37 1 48
37 2 35
37 3 86
37 4 10
37 5 23
37 6 17
37 7 37
37 8 35
37 9 33
37 10 50
37 11 63
37 12 92
37 13 73
37 14 2
37 15 77
37 16 80
37 17 96
37 18 19
37 19 36
37 20 15
37 21 56
37 22 32
37 23 42
37 24 98
37 25 16
37 26 54
37 27 50
37 28 27
37 29 55
37 30 45
37 31 97
37 32 55
37 33 80
37 34 35
37 35 16
37 36 54
37 38 51
37 39 53
37 40 40
37 41 35
37 42 54
37 43 2
37 44 79
37 45 27
37 46 55
37 47 7
37 48 58
37 49 50
37 50 25
37 51 45
37 52 17
37 53 80
37 54 76
37 55 58
37 56 29
37 57 43
37 58 11
37 59 78
37 60 69
37 61 18
37 62 75
37 63 18
37 64 24
37 65 54
37 66 52
37 67 91
37 68 7
37 69 54
37 70 43
37 71 46
37 72 41
37 73 49
37 74 99
38 0 19
38 1 75
38 2 5
38 3 25
38 4 84
38 5 6
38 6 1
38 7 28
38 8 22
38 9 80
38 10 3
38 11 32
38 12 61
38 13 45
38 14 94
38 15 90
38 16 65
38 17 63
38 18 64
38 19 34
38 20 38
38 21 69
38 22 85
38 23 29
38 24 27
38 25 91
38 26 23
38 27 24
38 28 31
38 29 71
38 30 74
38 31 49
38 32 97
38 33 78
38 34 25
38 35 80
38 36 84
38 37 25
38 39 7
38 40 57
38 41 56
38 42 61
38 43 88
38 44 16
38 45 57
38 46 34
38 47 6
38 48 22
38 49 48
38 50 21
38 51 55
38 52 86
38 53 90
38 54 92
38 55 14
38 56 68
38 57 82
38 58 36
38 59 92
38 60 12
38 61 7
38 62 65
38 63 12
38 64 55
38 65 43
38 66 36
38 67 35
38 68 78
38 69 12
38 70 93
38 71 34
38 72 19
38 73 54
38 74 74
39 0 35
39 1 10
39 2 7
39 3 92
39 4 31
39 5 54
39 6 64
39 7 38
39 8 91
39 9 5
39 10 29
39 11 4
39 12 73
39 13 62
39 14 92
39 15 64
39 16 73
39 17 50
39 18 80
39 19 84
39 20 4
39 21 74
39 22 71
39 23 38
39 24 51
39 25 34
39 26 31
39 27 85
39 28 52
39 29 36
39 30 10
39 31 38
39 32 45
39 33 68
39 34 29
39 35 28
39 36 73
39 37 45
39 38 65
39 40 64
39 41 49
39 42 45
39 43 19
39 44 21
39 45 6
39 46 10
39 47 36
39 48 30
39 49 59
39 50 16
39 51 65
39 52 63
39 53 89
39 54 87
39 55 52
39 56 92
39 57 20
39 58 34
39 59 28
39 60 71
39 61 69
39 62 37
39 63 9
39 64 14
39 65 4
39 66 89
39 67 41
39 68 76
39 69 33
39 70 57
39 71 91
39 72 34
39 73 53
39 74 10
40 0 54
40 1 10
40 2 19
40 3 42
40 4 39
40 5 30
40 6 9
40 7 3
40 8 92
40 9 97
40 10 41
40 11 95
40 12 40
40 13 60
40 14 29
40 15 67
40 16 82
40 17 97
40 18 3
40 19 90
40 20 62
40 21 58
40 22 31
40 23 54
40 24 86
40 25 15
40 26 62
40 27 76
40 28 48
40 29 14
40 30 85
40 31 54
40 32 23
40 33 56
40 34 95
40 35 13
40 36 85
40 37 3
40 38 67
40 39 28
40 41 51
40 42 7
40 43 22
40 44 91
40 45 66
40 46 2
40 47 57
40 48 48
40 49 51
40 50 12
40 51 89
40 52 12
40 53 69
40 54 19
40 55 18
40 56 54
40 57 86
40 58 79
40 59 82
40 60 33
40 61 93
40 62 18
40 63 86
40 64 67
40 65 73
40 66 80
40 67 80
40 68 9
40 69 34
40 70 46
40 71 36
40 72 85
40 73 5
40 74 10
41 0 75
41 1 70
41 2 11
41 3 83
41 4 69
41 5 13
41 6 94
41 7 10
41 8 25
41 9 15
41 10 80
41 11 42
41 12 20
41 13 65
41 14 72
41 15 1
41 16 98
41 17 64
41 18 71
41 19 83
41 20 83
41 21 43
41 22 15
41 23 14
41 24 4
41 25 48
41 26 11
41 27 39
41 28 84
41 29 15
41 30 100
41 31 10
41 32 37
41 33 63
41 34 93
41 35 57
41 36 75
41 37 38
41 38 66
41 39 51
41 40 4
41 42 46
41 43 44
41 44 76
41 45 10
41 46 16
41 47 76
41 48 7
41 49 31
41 50 98
41 51 42
41 52 13
41 53 41
41 54 8
41 55 78
41 56 96
41 57 7
41 58 89
41 59 86
41 60 91
41 61 3
41 62 86
41 63 100
41 64 91
41 65 48
41 66 44
41 67 48
41 68 74
41 69 34
41 70 13
41 71 25
41 72 89
41 73 58
41 74 20
42 0 64
42 1 68
42 2 35
42 3 92
42 4 26
42 5 18
42 6 89
42 7 19
42 8 82
42 9 81
42 10 26
42 11 60
42 12 76
42 13 85
42 14 48
42 15 62
42 16 75
42 17 2
42 18 99
42 19 26
42 20 93
42 21 98
42 22 22
42 23 40
42 24 71
42 25 7
42 26 52
42 27 47
42 28 47
42 29 62
42 30 19
42 31 11
42 32 81
42 33 5
42 34 2
42 35 6
42 36 22
42 37 42
42 38 77
42 39 56
42 40 23
42 41 2
42 43 15
42 44 50
42 45 86
42 46 14
42 47 63
42 48 12
42 49 67
42 50 61
42 51 90
42 52 11
42 53 10
42 54 11
42 55 50
42 56 33
42 57 69
42 58 54
42 59 31
42 60 15
42 61 15
42 62 49
42 63 77
42 64 95
42 65 54
42 66 30
42 67 52
42 68 27
42 69 72
42 70 28
42 71 82
42 72 46
42 73 82
42 74 48
43 0 95
43 1 19
43 2 13
43 3 10
43 4 31
43 5 80
43 6 22
43 7 20
43 8 90
43 9 32
43 10 82
43 11 92
43 12 64
43 13 2
43 14 97
43 15 94
43 16 16
43 17 11
43 18 95
43 19 93
43 20 57
43 21 48
43 22 22
43 23 8
43 24 26
43 25 45
43 26 88
43 27 8
43 28 90
43 29 69
43 30 7
43 31 37
43 32 87
43 33 20
43 34 98
43 35 69
43 36 51
43 37 19
43 38 40
43 39 92
43 40 50
43 41 73
43 42 35
43 44 65
43 45 74
43 46 31
43 47 11
43 48 42
43 49 93
43 50 5
43 51 86
43 52 49
43 53 4
43 54 7
43 55 9
43 56 29
43 57 4
43 58 96
43 59 88
43 60 45
43 61 16
43 62 95
43 63 33
43 64 54
43 65 14
43 66 30
43 67 75
43 68 16
43 69 49
43 70 14
43 71 7
43 72 50
43 73 87
43 74 42
44 0 67
44 1 12
44 2 72
44 3 77
44 4 53
44 5 65
44 6 33
44 7 38
44 8 65
44 9 36
44 10 97
44 11 25
44 12 16
44 13 100
44 14 72
44 15 4
44 16 96
44 17 87
44 18 98
44 19 29
44 20 93
44 21 63
44 22 58
44 23 67
44 24 78
44 25 58
44 26 32
44 27 36
44 28 8
44 29 70
44 30 29
44 31 26
44 32 82
44 33 53
44 34 2
44 35 86
44 36 69
44 37 86
44 38 24
44 39 33
44 40 21
44 41 72
44 42 10
44 43 88
44 45 23
44 46 81
44 47 91
44 48 18
44 49 68
44 50 88
44 51 98
44 52 12
44 53 2
44 54 56
44 55 78
44 56 79
44 57 13
44 58 61
44 59 67
44 60 72
44 61 31
44 62 95
44 63 97
44 64 12
44 65 99
44 66 50
44 67 49
44 68 67
44 69 35
44 70 24
44 71 52
44 72 7
44 73 95
44 74 61
45 0 95
45 1 69
45 2 41
45 3 37
45 4 87
45 5 60
45 6 77
45 7 84
45 8 71
45 9 78
45 10 91
45 11 100
45 12 9
45 13 56
45 14 61
45 15 75
45 16 79
45 17 43
45 18 21
45 19 28
45 20 6
45 21 20
45 22 29
45 23 54
45 24 86
45 25 64
45 26 78
45 27 89
45 28 22
45 29 24
45 30 49
45 31 68
45 32 93
45 33 42
45 34 5
45 35 31
45 36 1
45 37 33
45 38 66
45 39 24
45 40 10
45 41 9
45 42 75
45 43 18
45 44 64
45 46 87
45 47 44
45 48 42
45 49 29
45 50 65
45 51 21
45 52 34
45 53 36
45 54 50
45 55 40
45 56 73
45 57 65
45 58 69
45 59 62
45 60 86
45 61 92
45 62 62
45 63 6
45 64 36
45 65 3
45 66 62
45 67 66
45 68 4
45 69 94
45 70 84
45 71 79
45 72 3
45 73 92
45 74 53
46 0 73
46 1 55
46 2 40
46 3 16
46 4 48
46 5 68
46 6 32
46 7 69
46 8 54
46 9 67
46 10 18
46 11 93
46 12 40
46 13 82
46 14 61
46 15 53
46 16 19
46 17 4
46 18 14
46 19 76
46 20 40
46 21 17
46 22 37
46 23 57
46 24 72
46 25 82
46 26 40
46 27 2
46 28 85
46 29 31
46 30 54
46 31 9
46 32 37
46 33 93
46 34 76
46 35 37
46 36 13
46 37 8
46 38 5
46 39 18
46 40 26
46 41 74
46 42 62
46 43 17
46 44 7
46 45 74
46 47 69
46 48 25
46 49 77
46 50 35
46 51 1
46 52 68
46 53 3
46 54 89
46 55 25
46 56 26
46 57 71
46 58 64
46 59 27
46 60 7
46 61 47
46 62 80
46 63 15
46 64 83
46 65 25
46 66 90
46 67 19
46 68 89
46 69 49
46 70 75
46 71 6
46 72 75
46 73 48
46 74 67
47 0 91
47 1 54
47 2 92
47 3 12
47 4 31
47 5 68
47 6 46
47 7 83
47 8 88
47 9 100
47 10 71
47 11 12
47 12 25
47 13 93
47 14 75
47 15 51
47 16 99
47 17 21
47 18 30
47 19 65
47 20 56
47 21 6
47 22 7
47 23 74
47 24 94
47 25 55
47 26 1
47 27 99
47 28 81
47 29 48
47 30 17
47 31 72
47 32 54
47 33 60
47 34 35
47 35 36
47 36 80
47 37 80
47 38 70
47 39 67
47 40 79
47 41 92
47 42 78
47 43 55
47 44 85
47 45 4
47 46 5
47 48 35
47 49 77
47 50 34
47 51 100
47 52 32
47 53 40
47 54 58
47 55 57
47 56 85
47 57 12
47 58 57
47 59 84
47 60 45
47 61 57
47 62 52
47 63 16
47 64 10
47 65 12
47 66 50
47 67 97
47 68 91
47 69 81
47 70 66
47 71 57
47 72 11
47 73 57
47 74 86
48 0 65
48 1 93
48 2 89
48 3 69
48 4 28
48 5 65
48 6 54
48 7 79
48 8 48
48 9 45
48 10 36
48 11 5
48 12 30
48 13 99
48 14 13
48 15 65
48 16 43
48 17 69
48 18 68
48 19 10
48 20 30
48 21 31
48 22 11
48 23 26
48 24 73
48 25 43
48 26 43
48 27 81
48 28 5
48 29 100
48 30 66
48 31 69
48 32 92
48 33 7
48 34 89
48 35 71
48 36 23
48 37 95
48 38 49
48 39 71
48 40 91
48 41 36
48 42 27
48 43 72
48 44 87
48 45 39
48 46 88
48 47 81
48 49 8
48 50 8
48 51 91
48 52 37
48 53 38
48 54 53
48 55 15
48 56 11
48 57 96
48 58 57
48 59 43
48 60 100
48 61 8
48 62 9
48 63 21
48 64 52
48 65 67
48 66 61
48 67 22
48 68 89
48 69 7
48 70 23
48 71 59
48 72 50
48 73 10
48 74 85
49 0 73
49 1 96
49 2 24
49 3 61
49 4 77
49 5 83
49 6 68
49 7 19
49 8 19
49 9 57
49 10 71
49 11 85
49 12 19
49 13 18
49 14 42
49 15 62
49 16 18
49 17 1
49 18 22
49 19 90
49 20 52
49 21 88
49 22 2
49 23 26
49 24 76
49 25 61
49 26 48
49 27 87
49 28 10
49 29 57
49 30 71
49 31 34
49 32 5
49 33 46
49 34 94
49 35 81
49 36 28
49 37 13
49 38 99
49 39 99
49 40 22
49 41 21
49 42 83
49 43 40
49 44 39
49 45 76
49 46 53
49 47 8
49 48 77
49 50 74
49 51 49
49 52 28
49 53 13
49 54 2
49 55 5
49 56 41
49 57 62
49 58 52
49 59 27
49 60 23
49 61 61
49 62 97
49 63 57
49 64 65
49 65 95
49 66 2
49 67 97
49 68 74
49 69 67
49 70 47
49 71 72
49 72 88
49 73 19
49 74 7
50 0 79
50 1 57
50 2 82
50 3 84
50 4 64
50 5 10
50 6 9
50 7 64
50 8 90
50 9 22
50 10 66
50 11 94
50 12 62
50 13 27
50 14 46
50 15 88
50 16 2
50 17 58
50 18 36
50 19 10
50 20 74
50 21 82
50 22 11
50 23 22
50 24 56
50 25 29
50 26 68
50 27 27
50 28 16
50 29 86
50 30 33
50 31 47
50 32 95
50 33 67
50 34 30
50 35 10
50 36 76
50 37 38
50 38 74
50 39 65
50 40 11
50 41 39
50 42 59
50 43 24
50 44 17
50 45 56
50 46 11
50 47 70
50 48 13
50 49 99
50 51 79
50 52 38
50 53 80
50 54 42
50 55 59
50 56 35
50 57 70
50 58 78
50 59 14
50 60 38
50 61 63
50 62 98
50 63 84
50 64 9
50 65 64
50 66 65
50 67 19
50 68 92
50 69 54
50 70 92
50 71 56
50 72 65
50 73 82
50 74 66
51 0 40
51 1 50
51 2 21
51 3 3
51 4 20
51 5 85
51 6 1
51 7 50
51 8 22
51 9 32
51 10 91
51 11 80
51 12 19
51 13 61
51 14 57
51 15 84
51 16 98
51 17 72
51 18 81
51 19 33
51 20 80
51 21 97
51 22 49
51 23 50
51 24 40
51 25 2
51 26 93
51 27 95
51 28 18
51 29 26
51 30 13
51 31 58
51 32 76
51 33 85
51 34 60
51 35 47
51 36 70
51 37 12
51 38 48
51 39 43
51 40 43
51 41 39
51 42 75
51 43 13
51 44 51
51 45 83
51 46 96
51 47 100
51 48 6
51 49 29
51 50 84
51 52 38
51 53 25
51 54 32
51 55 87
51 56 64
51 57 33
51 58 32
51 59 10
51 60 3
51 61 57
51 62 74
51 63 60
51 64 84
51 65 59
51 66 71
51 67 82
51 68 28
51 69 82
51 70 30
51 71 22
51 72 76
51 73 20
51 74 96
52 0 41
52 1 22
52 2 31
52 3 36
52 4 73
52 5 36
52 6 64
52 7 56
52 8 73
52 9 40
52 10 39
52 11 12
52 12 55
52 13 71
52 14 43
52 15 65
52 16 25
52 17 99
52 18 38
52 19 36
52 20 83
52 21 48
52 22 6
52 23 16
52 24 75
52 25 39
52 26 97
52 27 49
52 28 67
52 29 16
52 30 44
52 31 7
52 32 89
52 33 74
52 34 94
52 35 61
52 36 62
52 37 58
52 38 68
52 39 34
52 40 49
52 41 6
52 42 45
52 43 4
52 44 29
52 45 87
52 46 20
52 47 53
52 48 38
52 49 9
52 50 89
52 51 72
52 53 57
52 54 46
52 55 87
52 56 83
52 57 85
52 58 84
52 59 31
52 60 3
52 61 51
52 62 27
52 63 61
52 64 40
52 65 52
52 66 54
52 67 52
52 68 13
52 69 11
52 70 20
52 71 99
52 72 60
52 73 77
52 74 95
53 0 15
53 1 5
53 2 34
53 3 34
53 4 58
53 5 71
53 6 42
53 7 98
53 8 94
53 9 50
53 10 43
53 11 32
53 12 33
53 13 79
53 14 67
53 15 63
53 16 81
53 17 18
53 18 41
53 19 41
53 20 9
53 21 93
53 22 47
53 23 12
53 24 5
53 25 57
53 26 83
53 27 55
53 28 68
53 29 60
53 30 50
53 31 34
53 32 64
53 33 83
53 34 67
53 35 73
53 36 5
53 37 61
53 38 70
53 39 98
53 40 10
53 41 65
53 42 29
53 43 42
53 44 43
53 45 96
53 46 57
53 47 76
53 48 65
53 49 97
53 50 68
53 51 73
53 52 89
53 54 14
53 55 84
53 56 46
53 57 23
53 58 19
53 59 52
53 60 42
53 61 78
53 62 1
53 63 76
53 64 41
53 65 83
53 66 94
53 67 66
53 68 39
53 69 54
53 70 35
53 71 36
53 72 16
53 73 51
53 74 65
54 0 9
54 1 94
54 2 12
54 3 65
54 4 21
54 5 76
54 6 14
54 7 88
54 8 100
54 9 54
54 10 2
54 11 35
54 12 51
54 13 76
54 14 53
54 15 3
54 16 17
54 17 30
54 18 3
54 19 44
54 20 23
54 21 38
54 22 38
54 23 88
54 24 76
54 25 43
54 26 74
54 27 64
54 28 58
54 29 25
54 30 80
54 31 67
54 32 70
54 33 91
54 34 83
54 35 90
54 36 18
54 37 96
54 38 77
54 39 17
54 40 50
54 41 30
54 42 51
54 43 100
54 44 5
54 45 4
54 46 2
54 47 74
54 48 85
54 49 57
54 50 17
54 51 59
54 52 46
54 53 6
54 55 46
54 56 73
54 57 49
54 58 72
54 59 36
54 60 58
54 61 48
54 62 15
54 63 24
54 64 17
54 65 57
54 66 7
54 67 6
54 68 74
54 69 54
54 70 34
54 71 90
54 72 3
54 73 16
54 74 93
55 0 3
55 1 72
55 2 48
55 3 56
55 4 45
55 5 32
55 6 12
55 7 14
55 8 91
55 9 57
55 10 19
55 11 88
55 12 30
55 13 19
55 14 11
55 15 17
55 16 77
55 17 58
55 18 32
55 19 52
55 20 26
55 21 40
55 22 58
55 23 83
55 24 14
55 25 12
55 26 17
55 27 55
55 28 66
55 29 84
55 30 47
55 31 20
55 32 55
55 33 46
55 34 76
55 35 100
55 36 30
55 37 39
55 38 65
55 39 20
55 40 96
55 41 35
55 42 59
55 43 77
55 44 54
55 45 22
55 46 45
55 47 30
55 48 31
55 49 28
55 50 81
55 51 57
55 52 68
55 53 91
55 54 91
55 56 33
55 57 54
55 58 59
55 59 87
55 60 19
55 61 42
55 62 86
55 63 39
55 64 97
55 65 31
55 66 66
55 67 48
55 68 60
55 69 4
55 70 12
55 71 31
55 72 51
55 73 46
55 74 42
56 0 27
56 1 99
56 2 63
56 3 72
56 4 80
56 5 93
56 6 51
56 7 13
56 8 1
56 9 18
56 10 3
56 11 92
56 12 50
56 13 8
56 14 50
56 15 37
56 16 78
56 17 92
56 18 74
56 19 16
56 20 88
56 21 4
56 22 33
56 23 87
56 24 64
56 25 37
56 26 98
56 27 46
56 28 87
56 29 95
56 30 87
56 31 66
56 32 94
56 33 49
56 34 37
56 35 25
56 36 94
56 37 39
56 38 37
56 39 94
56 40 57
56 41 91
56 42 37
56 43 6
56 44 98
56 45 87
56 46 94
56 47 76
56 48 30
56 49 67
56 50 43
56 51 17
56 52 23
56 53 76
56 54 55
56 55 38
56 57 64
56 58 52
56 59 83
56 60 50
56 61 46
56 62 70
56 63 15
56 64 91
56 65 70
56 66 3
56 67 68
56 68 63
56 69 42
56 70 4
56 71 9
56 72 98
56 73 47
56 74 45
57 0 55
57 1 96
57 2 31
57 3 1
57 4 23
57 5 60
57 6 19
57 7 18
57 8 28
57 9 41
57 10 93
57 11 82
57 12 30
57 13 8
57 14 85
57 15 13
57 16 57
57 17 83
57 18 82
57 19 72
57 20 73
57 21 51
57 22 26
57 23 92
57 24 14
57 25 67
57 26 48
57 27 22
57 28 16
57 29 94
57 30 66
57 31 23
57 32 89
57 33 49
57 34 23
57 35 64
57 36 60
57 37 93
57 38 81
57 39 88
57 40 86
57 41 25
57 42 21
57 43 15
57 44 32
57 45 6
57 46 27
57 47 88
57 48 88
57 49 60
57 50 11
57 51 12
57 52 11
57 53 37
57 54 56
57 55 76
57 56 55
57 58 3
57 59 49
57 60 71
57 61 96
57 62 66
57 63 93
57 64 36
57 65 66
57 66 67
57 67 51
57 68 26
57 69 11
57 70 31
57 71 65
57 72 96
57 73 55
57 74 85
58 0 63
58 1 86
58 2 42
58 3 89
58 4 26
58 5 81
58 6 49
58 7 36
58 8 45
58 9 11
58 10 24
58 11 100
58 12 38
58 13 79
58 14 2
58 15 86
58 16 49
58 17 49
58 18 3
58 19 93
58 20 36
58 21 69
58 22 11
58 23 87
58 24 94
58 25 21
58 26 17
58 27 58
58 28 69
58 29 24
58 30 94
58 31 31
58 32 9
58 33 36
58 34 71
58 35 86
58 36 16
58 37 71
58 38 22
58 39 12
58 40 81
58 41 45
58 42 11
58 43 18
58 44 23
58 45 64
58 46 55
58 47 23
58 48 12
58 49 58
58 50 15
58 51 100
58 52 26
58 53 25
58 54 86
58 55 71
58 56 98
58 57 54
58 59 28
58 60 66
58 61 77
58 62 21
58 63 96
58 64 38
58 65 8
58 66 66
58 67 23
58 68 76
58 69 37
58 70 96
58 71 87
58 72 69
58 73 41
58 74 50
59 0 39
59 1 15
59 2 13
59 3 93
59 4 90
59 5 77
59 6 2
59 7 56
59 8 76
59 9 79
59 10 33
59 11 13
59 12 49
59 13 30
59 14 66
59 15 28
59 16 95
59 17 95
59 18 1
59 19 42
59 20 84
59 21 8
59 22 7
59 23 6
59 24 83
59 25 95
59 26 2
59 27 22
59 28 64
59 29 94
59 30 71
59 31 54
59 32 60
59 33 83
59 34 46
59 35 49
59 36 59
59 37 100
59 38 57
59 39 86
59 40 78
59 41 89
59 42 98
59 43 79
59 44 18
59 45 16
59 46 58
59 47 64
59 48 10
59 49 58
59 50 5
59 51 93
59 52 18
59 53 63
59 54 50
59 55 52
59 56 58
59 57 3
59 58 73
59 60 73
59 61 48
59 62 95
59 63 26
59 64 8
59 65 78
59 66 23
59 67 8
59 68 88
59 69 22
59 70 16
59 71 74
59 72 52
59 73 4
59 74 23
60 0 82
60 1 21
60 2 38
60 3 39
60 4 84
60 5 47
60 6 49
60 7 40
60 8 91
60 9 66
60 10 3
60 11 41
60 12 17
60 13 60
60 14 43
60 15 42
60 16 84
60 17 91
60 18 36
60 19 9
60 20 50
60 21 65
60 22 83
60 23 9
60 24 5
60 25 57
60 26 25
60 27 78
60 28 60
60 29 28
60 30 52
60 31 41
60 32 1
60 33 90
60 34 31
60 35 36
60 36 36
60 37 79
60 38 76
60 39 27
60 40 96
60 41 78
60 42 19
60 43 65
60 44 89
60 45 13
60 46 6
60 47 24
60 48 55
60 49 93
60 50 32
60 51 4
60 52 10
60 53 66
60 54 65
60 55 14
60 56 22
60 57 41
60 58 43
60 59 81
60 61 20
60 62 94
60 63 73
60 64 20
60 65 83
60 66 4
60 67 56
60 68 71
60 69 82
60 70 83
60 71 49
60 72 78
60 73 60
60 74 67
61 0 42
61 1 100
61 2 79
61 3 99
61 4 23
61 5 34
61 6 91
61 7 6
61 8 89
61 9 100
61 10 23
61 11 5
61 12 65
61 13 45
61 14 45
61 15 7
61 16 77
61 17 65
61 18 1
61 19 50
61 20 84
61 21 83
61 22 53
61 23 91
61 24 5
61 25 34
61 26 73
61 27 53
61 28 63
61 29 84
61 30 19
61 31 56
61 32 35
61 33 50
61 34 54
61 35 9
61 36 35
61 37 97
61 38 66
61 39 23
61 40 48
61 41 89
61 42 28
61 43 13
61 44 33
61 45 24
61 46 19
61 47 9
61 48 88
61 49 71
61 50 58
61 51 24
61 52 6
61 53 62
61 54 66
61 55 10
61 56 48
61 57 91
61 58 63
61 59 10
61 60 26
61 62 33
61 63 18
61 64 61
61 65 82
61 66 23
61 67 21
61 68 16
61 69 19
61 70 87
61 71 91
61 72 19
61 73 75
61 74 70
62 0 31
62 1 59
62 2 45
62 3 1
62 4 19
62 5 33
62 6 24
62 7 29
62 8 8
62 9 29
62 10 90
62 11 73
62 12 90
62 13 37
62 14 63
62 15 52
62 16 99
62 17 89
62 18 37
62 19 68
62 20 1
62 21 70
62 22 90
62 23 21
62 24 38
62 25 61
62 26 7
62 27 28
62 28 79
62 29 33
62 30 49
62 31 61
62 32 91
62 33 93
62 34 13
62 35 10
62 36 77
62 37 36
62 38 38
62 39 84
62 40 16
62 41 79
62 42 57
62 43 6
62 44 68
62 45 71
62 46 9
62 47 66
62 48 59
62 49 97
62 50 33
62 51 11
62 52 67
62 53 22
62 54 32
62 55 4
62 56 34
62 57 90
62 58 83
62 59 12
62 60 23
62 61 31
62 63 24
62 64 65
62 65 75
62 66 37
62 67 74
62 68 52
62 69 24
62 70 63
62 71 35
62 72 40
62 73 94
62 74 43
63 0 97
63 1 61
63 2 14
63 3 57
63 4 78
63 5 24
63 6 54
63 7 10
63 8 35
63 9 20
63 10 83
63 11 18
63 12 75
63 13 17
63 14 7
63 15 57
63 16 80
63 17 29
63 18 87
63 19 4
63 20 46
63 21 13
63 22 40
63 23 19
63 24 64
63 25 15
63 26 34
63 27 51
63 28 6
63 29 27
63 30 93
63 31 2
63 32 39
63 33 58
63 34 11
63 35 16
63 36 82
63 37 64
63 38 77
63 39 68
63 40 35
63 41 59
63 42 85
63 43 9
63 44 27
63 45 43
63 46 17
63 47 59
63 48 24
63 49 55
63 50 62
63 51 69
63 52 67
63 53 53
63 54 39
63 55 31
63 56 67
63 57 72
63 58 81
63 59 73
63 60 50
63 61 25
63 62 26
63 64 40
63 65 83
63 66 36
63 67 55
63 68 16
63 69 51
63 70 31
63 71 83
63 72 37
63 73 42
63 74 19
64 0 97
64 1 20
64 2 61
64 3 13
64 4 78
64 5 84
64 6 67
64 7 91
64 8 4
64 9 86
64 10 95
64 11 43
64 12 16
64 13 14
64 14 66
64 15 48
64 16 38
64 17 16
64 18 24
64 19 63
64 20 55
64 21 6
64 22 51
64 23 62
64 24 21
64 25 53
64 26 44
64 27 55
64 28 90
64 29 85
64 30 25
64 31 38
64 32 57
64 33 86
64 34 3
64 35 86
64 36 21
64 37 21
64 38 77
64 39 25
64 40 6
64 41 71
64 42 19
64 43 73
64 44 84
64 45 84
64 46 72
64 47 73
64 48 99
64 49 96
64 50 36
64 51 6
64 52 1
64 53 38
64 54 19
64 55 74
64 56 90
64 57 62
64 58 80
64 59 31
64 60 99
64 61 5
64 62 21
64 63 55
64 65 42
64 66 23
64 67 40
64 68 14
64 69 43
64 70 68
64 71 38
64 72 1
64 73 91
64 74 56
65 0 73
65 1 26
65 2 40
65 3 45
65 4 99
65 5 90
65 6 40
65 7 86
65 8 47
65 9 92
65 10 23
65 11 17
65 12 17
65 13 64
65 14 31
65 15 49
65 16 47
65 17 29
65 18 53
65 19 67
65 20 35
65 21 94
65 22 41
65 23 26
65 24 59
65 25 83
65 26 46
65 27 97
65 28 35
65 29 36
65 30 4
65 31 8
65 32 61
65 33 95
65 34 4
65 35 11
65 36 37
65 37 95
65 38 96
65 39 35
65 40 38
65 41 70
65 42 4
65 43 55
65 44 34
65 45 34
65 46 3
65 47 32
65 48 62
65 49 7
65 50 98
65 51 48
65 52 52
65 53 90
65 54 73
65 55 10
65 56 72
65 57 18
65 58 58
65 59 59
65 60 5
65 61 14
65 62 66
65 63 18
65 64 8
65 66 69
65 67 28
65 68 96
65 69 15
65 70 24
65 71 31
65 72 52
65 73 93
65 74 34
66 0 58
66 1 78
66 2 19
66 3 12
66 4 9
66 5 80
66 6 18
66 7 58
66 8 79
66 9 21
66 10 47
66 11 51
66 12 31
66 13 71
66 14 21
66 15 88
66 16 29
66 17 77
66 18 1
66 19 46
66 20 94
66 21 61
66 22 66
66 23 22
66 24 56
66 25 80
66 26 97
66 27 38
66 28 31
66 29 41
66 30 23
66 31 41
66 32 71
66 33 41
66 34 52
66 35 79
66 36 72
66 37 70
66 38 89
66 39 50
66 40 42
66 41 87
66 42 53
66 43 72
66 44 57
66 45 25
66 46 12
66 47 37
66 48 53
66 49 64
66 50 82
66 51 47
66 52 24
66 53 99
66 54 20
66 55 32
66 56 78
66 57 68
66 58 21
66 59 61
66 60 60
66 61 96
66 62 1
66 63 30
66 64 88
66 65 52
66 67 61
66 68 12
66 69 73
66 70 49
66 71 61
66 72 15
66 73 87
66 74 65
67 0 38
67 1 44
67 2 41
67 3 49
67 4 32
67 5 94
67 6 65
67 7 66
67 8 92
67 9 40
67 10 64
67 11 63
67 12 71
67 13 42
67 14 30
67 15 44
67 16 54
67 17 89
67 18 91
67 19 54
67 20 71
67 21 78
67 22 57
67 23 31
67 24 89
67 25 82
67 26 31
67 27 2
67 28 48
67 29 17
67 30 18
67 31 85
67 32 12
67 33 11
67 34 86
67 35 96
67 36 56
67 37 50
67 38 61
67 39 47
67 40 89
67 41 24
67 42 9
67 43 12
67 44 17
67 45 90
67 46 7
67 47 22
67 48 30
67 49 97
67 50 27
67 51 100
67 52 26
67 53 36
67 54 82
67 55 15
67 56 17
67 57 64
67 58 68
67 59 16
67 60 33
67 61 37
67 62 100
67 63 44
67 64 47
67 65 37
67 66 39
67 68 2
67 69 86
67 70 51
67 71 100
67 72 27
67 73 27
67 74 8
68 0 90
68 1 95
68 2 49
68 3 96
68 4 17
68 5 31
68 6 44
68 7 43
68 8 82
68 9 69
68 10 78
68 11 64
68 12 35
68 13 46
68 14 79
68 15 54
68 16 61
68 17 11
68 18 91
68 19 61
68 20 55
68 21 37
68 22 49
68 23 45
68 24 91
68 25 87
68 26 48
68 27 90
68 28 65
68 29 74
68 30 98
68 31 54
68 32 20
68 33 98
68 34 1
68 35 36
68 36 28
68 37 96
68 38 31
68 39 10
68 40 64
68 41 8
68 42 25
68 43 51
68 44 54
68 45 3
68 46 4
68 47 66
68 48 14
68 49 46
68 50 78
68 51 20
68 52 35
68 53 27
68 54 16
68 55 25
68 56 13
68 57 15
68 58 14
68 59 77
68 60 88
68 61 63
68 62 82
68 63 8
68 64 61
68 65 82
68 66 95
68 67 40
68 69 77
68 70 25
68 71 49
68 72 92
68 73 85
68 74 25
69 0 94
69 1 38
69 2 28
69 3 50
69 4 55
69 5 93
69 6 95
69 7 33
69 8 12
69 9 81
69 10 59
69 11 79
69 12 5
69 13 23
69 14 94
69 15 19
69 16 99
69 17 33
69 18 81
69 19 80
69 20 92
69 21 93
69 22 13
69 23 87
69 24 33
69 25 41
69 26 63
69 27 33
69 28 84
69 29 47
69 30 10
69 31 30
69 32 36
69 33 37
69 34 79
69 35 91
69 36 81
69 37 25
69 38 23
69 39 92
69 40 6
69 41 81
69 42 22
69 43 10
69 44 3
69 45 15
69 46 80
69 47 53
69 48 48
69 49 13
69 50 84
69 51 91
69 52 5
69 53 96
69 54 77
69 55 89
69 56 88
69 57 40
69 58 22
69 59 23
69 60 86
69 61 83
69 62 52
69 63 74
69 64 19
69 65 82
69 66 64
69 67 99
69 68 7
69 70 86
69 71 42
69 72 64
69 73 18
69 74 15
70 0 25
70 1 20
70 2 30
70 3 5
70 4 24
70 5 29
70 6 17
70 7 7
70 8 19
70 9 73
70 10 54
70 11 48
70 12 62
70 13 41
70 14 39
70 15 35
70 16 15
70 17 76
70 18 17
70 19 67
70 20 49
70 21 87
70 22 48
70 23 12
70 24 37
70 25 6
70 26 97
70 27 30
70 28 21
70 29 14
70 30 44
70 31 46
70 32 85
70 33 25
70 34 2
70 35 8
70 36 53
70 37 70
70 38 14
70 39 24
70 40 94
70 41 67
70 42 71
70 43 55
70 44 59
70 45 9
70 46 41
70 47 74
70 48 36
70 49 9
70 50 92
70 51 85
70 52 95
70 53 39
70 54 96
70 55 83
70 56 97
70 57 45
70 58 12
70 59 17
70 60 58
70 61 56
70 62 14
70 63 95
70 64 80
70 65 67
70 66 2
70 67 85
70 68 88
70 69 68
70 71 60
70 72 82
70 73 86
70 74 30
71 0 88
71 1 45
71 2 90
71 3 81
71 4 70
71 5 25
71 6 89
71 7 61
71 8 61
71 9 36
71 10 51
71 11 57
71 12 18
71 13 99
71 14 1
71 15 82
71 16 68
71 17 10
71 18 89
71 19 33
71 20 56
71 21 20
71 22 100
71 23 58
71 24 4
71 25 39
71 26 77
71 27 63
71 28 72
71 29 62
71 30 44
71 31 12
71 32 58
71 33 85
71 34 92
71 35 79
71 36 62
71 37 32
71 38 91
71 39 22
71 40 19
71 41 42
71 42 30
71 43 89
71 44 92
71 45 82
71 46 70
71 47 59
71 48 44
71 49 58
71 50 92
71 51 99
71 52 29
71 53 43
71 54 56
71 55 85
71 56 81
71 57 32
71 58 99
71 59 53
71 60 46
71 61 95
71 62 16
71 63 3
71 64 79
71 65 7
71 66 82
71 67 92
71 68 90
71 69 72
71 70 66
71 72 9
71 73 65
71 74 47
72 0 97
72 1 57
72 2 29
72 3 18
72 4 67
72 5 72
72 6 27
72 7 58
72 8 70
72 9 55
72 10 52
72 11 78
72 12 39
72 13 33
72 14 61
72 15 38
72 16 37
72 17 6
72 18 32
72 19 52
72 20 61
72 21 62
72 22 10
72 23 94
72 24 6
72 25 99
72 26 65
72 27 71
72 28 7
72 29 82
72 30 17
72 31 55
72 32 90
72 33 97
72 34 72
72 35 56
72 36 68
72 37 98
72 38 66
72 39 90
72 40 53
72 41 17
72 42 19
72 43 43
72 44 49
72 45 31
72 46 80
72 47 37
72 48 89
72 49 63
72 50 88
72 51 49
72 52 77
72 53 97
72 54 42
72 55 82
72 56 48
72 57 58
72 58 52
72 59 6
72 60 39
72 61 20
72 62 61
72 63 28
72 64 17
72 65 32
72 66 36
72 67 36
72 68 82
72 69 1
72 70 77
72 71 34
72 73 17
72 74 95
73 0 28
73 1 18
73 2 26
73 3 8
73 4 54
73 5 14
73 6 22
73 7 94
73 8 14
73 9 98
73 10 42
73 11 55
73 12 31
73 13 89
73 14 64
73 15 82
73 16 95
73 17 55
73 18 54
73 19 55
73 20 34
73 21 22
73 22 38
73 23 69
73 24 57
73 25 19
73 26 69
73 27 34
73 28 4
73 29 86
73 30 80
73 31 32
73 32 3
73 33 5
73 34 91
73 35 56
73 36 70
73 37 12
73 38 49
73 39 83
73 40 62
73 41 43
73 42 89
73 43 92
73 44 31
73 45 53
73 46 26
73 47 25
73 48 59
73 49 31
73 50 31
73 51 92
73 52 52
73 53 21
73 54 61
73 55 60
73 56 39
73 57 29
73 58 45
73 59 95
73 60 66
73 61 25
73 62 26
73 63 68
73 64 81
73 65 68
73 66 76
73 67 51
73 68 31
73 69 76
73 70 85
73 71 92
73 72 18
73 74 26
74 0 36
74 1 49
74 2 78
74 3 61
74 4 25
74 5 88
74 6 43
74 7 8
74 8 79
74 9 94
74 10 28
74 11 39
74 12 53
74 13 18
74 14 68
74 15 98
74 16 64
74 17 33
74 18 74
74 19 89
74 20 53
74 21 54
74 22 56
74 23 80
74 24 56
74 25 87
74 26 55
74 27 93
74 28 30
74 29 25
74 30 18
74 31 17
74 32 25
74 33 47
74 34 29
74 35 1
74 36 34
74 37 71
74 38 8
74 39 12
74 40 64
74 41 87
74 42 51
74 43 69
74 44 57
74 45 70
74 46 66
74 47 20
74 48 54
74 49 39
74 50 61
74 51 58
74 52 44
74 53 68
74 54 37
74 55 100
74 56 6
74 57 92
74 58 92
74 59 88
74 60 68
74 61 61
74 62 4
74 63 92
74 64 7
74 65 33
74 66 92
74 67 40
74 68 3
74 69 52
74 70 51
74 71 19
74 72 90
74 73 53
61